7.950904965400695107e-03
2.403471527621149975e-02
4.047371212393045120e-02
5.726578880101442642e-02
7.439993098378180902e-02
9.185535162687301358e-02
1.096008819341659501e-01
1.275947257876396124e-01
1.457847076654434082e-01
1.641090619564056496e-01
1.641090619564056496e-01
1.824978117644786846e-01
2.008746509253978851e-01
2.191593217849731323e-01
2.372702133655548162e-01
2.551271846890449391e-01
2.551271846890449391e-01
2.726542925834655740e-01
2.897823581099510104e-01
3.064510506391525113e-01
3.064510506391525113e-01
3.226103237271308877e-01
3.382211259007453785e-01
3.382211259007453785e-01
3.532553890347480685e-01
3.676955980062484586e-01
3.676955980062484586e-01
3.815342196822166243e-01
3.947731488943099776e-01
3.947731488943099776e-01
4.074230742454528764e-01
4.195026859641075023e-01
4.195026859641075023e-01
4.310374960303306469e-01
4.420583581924438232e-01
4.420583581924438232e-01
4.525996914505958646e-01
4.525996914505958646e-01
4.626976335048675337e-01
4.626976335048675337e-01
4.723881286382675126e-01
4.817050889134407154e-01
4.817050889134407154e-01
4.906785780191421642e-01
4.906785780191421642e-01
4.993333673477172718e-01
4.993333673477172718e-01
5.076876693964004206e-01
5.076876693964004206e-01
5.157524544000625655e-01
5.157524544000625655e-01
5.235313349962233964e-01
5.235313349962233964e-01
5.310211133956909135e-01
5.310211133956909135e-01
5.382131272554397938e-01
5.382131272554397938e-01
5.450953292846679732e-01
5.450953292846679732e-01
5.516549861431121471e-01
5.516549861431121471e-01
5.516549861431121471e-01
5.578814429044723910e-01
5.578814429044723910e-01
5.637684059143066584e-01
5.637684059143066584e-01
5.693152272701262895e-01
5.693152272701262895e-01
5.693152272701262895e-01
5.745269262790679843e-01
5.745269262790679843e-01
5.794132363796233864e-01
5.794132363796233864e-01
5.794132363796233864e-01
5.839871817827224643e-01
5.839871817827224643e-01
5.882635843753815097e-01
5.882635843753815097e-01
5.882635843753815097e-01
5.922580379247665006e-01
5.922580379247665006e-01
5.959864896535873591e-01
5.959864896535873591e-01
5.959864896535873591e-01
5.994654953479766624e-01
5.994654953479766624e-01
5.994654953479766624e-01
6.027133655548095881e-01
6.027133655548095881e-01
6.027133655548095881e-01
6.057518440485000211e-01
6.057518440485000211e-01
6.086081057786941750e-01
6.086081057786941750e-01
6.086081057786941750e-01
6.113164383172988714e-01
6.113164383172988714e-01
6.113164383172988714e-01
6.139182651042938144e-01
6.139182651042938144e-01
6.139182651042938144e-01
6.164591592550278110e-01
6.164591592550278110e-01
6.164591592550278110e-01
6.189824271202087891e-01
6.189824271202087891e-01
6.189824271202087891e-01
6.189824271202087891e-01
6.215219187736511497e-01
6.215219187736511497e-01
6.215219187736511497e-01
6.240996241569518599e-01
6.240996241569518599e-01
6.240996241569518599e-01
6.267321199178695901e-01
6.267321199178695901e-01
6.267321199178695901e-01
6.267321199178695901e-01
6.294420009851455777e-01
6.294420009851455777e-01
6.294420009851455777e-01
6.322644394636154352e-01
6.322644394636154352e-01
6.322644394636154352e-01
6.322644394636154352e-01
6.352418810129165649e-01
6.352418810129165649e-01
6.352418810129165649e-01
6.384103131294250888e-01
6.384103131294250888e-01
6.384103131294250888e-01
6.384103131294250888e-01
6.417864096164703769e-01
6.417864096164703769e-01
6.417864096164703769e-01
6.417864096164703769e-01
6.453615391254424738e-01
6.453615391254424738e-01
6.453615391254424738e-01
6.491020655632019354e-01
6.491020655632019354e-01
6.491020655632019354e-01
6.491020655632019354e-01
6.529525005817413685e-01
6.529525005817413685e-01
6.529525005817413685e-01
6.529525005817413685e-01
6.568397462368011919e-01
6.568397462368011919e-01
6.568397462368011919e-01
6.568397462368011919e-01
6.606789731979370028e-01
6.606789731979370028e-01
6.606789731979370028e-01
6.606789731979370028e-01
6.606789731979370028e-01
6.643826913833618120e-01
6.643826913833618120e-01
6.643826913833618120e-01
6.643826913833618120e-01
6.678729963302612038e-01
6.678729963302612038e-01
6.678729963302612038e-01
6.678729963302612038e-01
6.710948705673217551e-01
6.710948705673217551e-01
6.710948705673217551e-01
6.710948705673217551e-01
6.710948705673217551e-01
6.740272700786590354e-01
6.740272700786590354e-01
6.740272700786590354e-01
6.740272700786590354e-01
6.766888308525085272e-01
6.766888308525085272e-01
6.766888308525085272e-01
6.766888308525085272e-01
6.766888308525085272e-01
6.791352796554565030e-01
6.791352796554565030e-01
6.791352796554565030e-01
6.791352796554565030e-01
6.814472484588622869e-01
6.814472484588622869e-01
6.814472484588622869e-01
6.814472484588622869e-01
6.814472484588622869e-01
6.837104034423827637e-01
6.837104034423827637e-01
6.837104034423827637e-01
6.837104034423827637e-01
6.837104034423827637e-01
6.859948885440826372e-01
6.859948885440826372e-01
6.859948885440826372e-01
6.859948885440826372e-01
6.859948885440826372e-01
6.883429706096648726e-01
6.883429706096648726e-01
6.883429706096648726e-01
6.883429706096648726e-01
6.883429706096648726e-01
6.907697045803069535e-01
6.907697045803069535e-01
6.907697045803069535e-01
6.907697045803069535e-01
6.907697045803069535e-01
6.932736206054687100e-01
6.932736206054687100e-01
6.932736206054687100e-01
6.932736206054687100e-01
6.932736206054687100e-01
6.932736206054687100e-01
6.958482301235199285e-01
6.958482301235199285e-01
6.958482301235199285e-01
6.958482301235199285e-01
6.958482301235199285e-01
6.984852576255797807e-01
6.984852576255797807e-01
6.984852576255797807e-01
6.984852576255797807e-01
6.984852576255797807e-01
6.984852576255797807e-01
7.011678898334503529e-01
7.011678898334503529e-01
7.011678898334503529e-01
7.011678898334503529e-01
7.011678898334503529e-01
7.038632559776306641e-01
7.038632559776306641e-01
7.038632559776306641e-01
7.038632559776306641e-01
7.038632559776306641e-01
7.038632559776306641e-01
7.065255308151244806e-01
7.065255308151244806e-01
7.065255308151244806e-01
7.065255308151244806e-01
7.065255308151244806e-01
7.065255308151244806e-01
7.091126596927642689e-01
7.091126596927642689e-01
7.091126596927642689e-01
7.091126596927642689e-01
7.091126596927642689e-01
7.091126596927642689e-01
7.116123938560485751e-01
7.116123938560485751e-01
7.116123938560485751e-01
7.116123938560485751e-01
7.116123938560485751e-01
7.116123938560485751e-01
7.140761733055114302e-01
7.140761733055114302e-01
7.140761733055114302e-01
7.140761733055114302e-01
7.140761733055114302e-01
7.140761733055114302e-01
7.166558456420898393e-01
7.166558456420898393e-01
7.166558456420898393e-01
7.166558456420898393e-01
7.166558456420898393e-01
7.166558456420898393e-01
7.166558456420898393e-01
7.195781278610229315e-01
7.195781278610229315e-01
7.195781278610229315e-01
7.195781278610229315e-01
7.195781278610229315e-01
7.195781278610229315e-01
7.229307532310486062e-01
7.229307532310486062e-01
7.229307532310486062e-01
7.229307532310486062e-01
7.229307532310486062e-01
7.229307532310486062e-01
7.229307532310486062e-01
7.263742899894714000e-01
7.263742899894714000e-01
7.263742899894714000e-01
7.263742899894714000e-01
7.263742899894714000e-01
7.263742899894714000e-01
7.263742899894714000e-01
7.292908143997192116e-01
7.292908143997192116e-01
7.292908143997192116e-01
7.292908143997192116e-01
7.292908143997192116e-01
7.292908143997192116e-01
7.292908143997192116e-01
7.314261424541473877e-01
7.314261424541473877e-01
7.314261424541473877e-01
7.314261424541473877e-01
7.314261424541473877e-01
7.314261424541473877e-01
7.314261424541473877e-01
7.330618512630462380e-01
7.330618512630462380e-01
7.330618512630462380e-01
7.330618512630462380e-01
7.330618512630462380e-01
7.330618512630462380e-01
7.330618512630462380e-01
7.345171606540680243e-01
7.345171606540680243e-01
7.345171606540680243e-01
7.345171606540680243e-01
7.345171606540680243e-01
7.345171606540680243e-01
7.345171606540680243e-01
7.359448969364166260e-01
7.359448969364166260e-01
7.359448969364166260e-01
7.359448969364166260e-01
7.359448969364166260e-01
7.359448969364166260e-01
7.359448969364166260e-01
7.359448969364166260e-01
7.374751996994018954e-01
7.374751996994018954e-01
7.374751996994018954e-01
7.374751996994018954e-01
7.374751996994018954e-01
7.374751996994018954e-01
7.374751996994018954e-01
7.374751996994018954e-01
7.392088723182678178e-01
7.392088723182678178e-01
7.392088723182678178e-01
7.392088723182678178e-01
7.392088723182678178e-01
7.392088723182678178e-01
7.392088723182678178e-01
7.411406385898590132e-01
7.411406385898590132e-01
7.411406385898590132e-01
7.411406385898590132e-01
7.411406385898590132e-01
7.411406385898590132e-01
7.411406385898590132e-01
7.411406385898590132e-01
7.431971883773803578e-01
7.431971883773803578e-01
7.431971883773803578e-01
7.431971883773803578e-01
7.431971883773803578e-01
7.431971883773803578e-01
7.431971883773803578e-01
7.431971883773803578e-01
7.452902472019196090e-01
7.452902472019196090e-01
7.452902472019196090e-01
7.452902472019196090e-01
7.452902472019196090e-01
7.452902472019196090e-01
7.452902472019196090e-01
7.452902472019196090e-01
7.452902472019196090e-01
7.473171555995941073e-01
7.473171555995941073e-01
7.473171555995941073e-01
7.473171555995941073e-01
7.473171555995941073e-01
7.473171555995941073e-01
7.473171555995941073e-01
7.473171555995941073e-01
7.491908538341521817e-01
7.491908538341521817e-01
7.491908538341521817e-01
7.491908538341521817e-01
7.491908538341521817e-01
7.491908538341521817e-01
7.491908538341521817e-01
7.491908538341521817e-01
7.491908538341521817e-01
7.509316277503966797e-01
7.509316277503966797e-01
7.509316277503966797e-01
7.509316277503966797e-01
7.509316277503966797e-01
7.509316277503966797e-01
7.509316277503966797e-01
7.509316277503966797e-01
7.509316277503966797e-01
7.527014839649200928e-01
7.527014839649200928e-01
7.527014839649200928e-01
7.527014839649200928e-01
7.527014839649200928e-01
7.527014839649200928e-01
7.527014839649200928e-01
7.527014839649200928e-01
7.527014839649200928e-01
7.547226595878601119e-01
7.547226595878601119e-01
7.547226595878601119e-01
7.547226595878601119e-01
7.547226595878601119e-01
7.547226595878601119e-01
7.547226595878601119e-01
7.547226595878601119e-01
7.547226595878601119e-01
7.571816086769104226e-01
7.571816086769104226e-01
7.571816086769104226e-01
7.571816086769104226e-01
7.571816086769104226e-01
7.571816086769104226e-01
7.571816086769104226e-01
7.571816086769104226e-01
7.571816086769104226e-01
7.601359593868255438e-01
7.601359593868255438e-01
7.601359593868255438e-01
7.601359593868255438e-01
7.601359593868255438e-01
7.601359593868255438e-01
7.601359593868255438e-01
7.601359593868255438e-01
7.601359593868255438e-01
7.601359593868255438e-01
7.633819210529327881e-01
7.633819210529327881e-01
7.633819210529327881e-01
7.633819210529327881e-01
7.633819210529327881e-01
7.633819210529327881e-01
7.633819210529327881e-01
7.633819210529327881e-01
7.633819210529327881e-01
7.665219926834105912e-01
7.665219926834105912e-01
7.665219926834105912e-01
7.665219926834105912e-01
7.665219926834105912e-01
7.665219926834105912e-01
7.665219926834105912e-01
7.665219926834105912e-01
7.665219926834105912e-01
7.665219926834105912e-01
7.692999160289764049e-01
7.692999160289764049e-01
7.692999160289764049e-01
7.692999160289764049e-01
7.692999160289764049e-01
7.692999160289764049e-01
7.692999160289764049e-01
7.692999160289764049e-01
7.692999160289764049e-01
7.692999160289764049e-01
7.716270482540130704e-01
7.716270482540130704e-01
7.716270482540130704e-01
7.716270482540130704e-01
7.716270482540130704e-01
7.716270482540130704e-01
7.716270482540130704e-01
7.716270482540130704e-01
7.716270482540130704e-01
7.716270482540130704e-01
7.716270482540130704e-01
7.733800542354584140e-01
7.733800542354584140e-01
7.733800542354584140e-01
7.733800542354584140e-01
7.733800542354584140e-01
7.733800542354584140e-01
7.733800542354584140e-01
7.733800542354584140e-01
7.733800542354584140e-01
7.733800542354584140e-01
7.744328975677490234e-01
7.744328975677490234e-01
7.744328975677490234e-01
7.744328975677490234e-01
7.744328975677490234e-01
7.744328975677490234e-01
7.744328975677490234e-01
7.744328975677490234e-01
7.744328975677490234e-01
7.744328975677490234e-01
7.744328975677490234e-01
7.748452913761139094e-01
7.748452913761139094e-01
7.748452913761139094e-01
7.748452913761139094e-01
7.748452913761139094e-01
7.748452913761139094e-01
7.748452913761139094e-01
7.748452913761139094e-01
7.748452913761139094e-01
7.748452913761139094e-01
7.748452913761139094e-01
7.749458777904510987e-01
7.749458777904510987e-01
7.749458777904510987e-01
7.749458777904510987e-01
7.749458777904510987e-01
7.749458777904510987e-01
7.749458777904510987e-01
7.749458777904510987e-01
7.749458777904510987e-01
7.749458777904510987e-01
7.749458777904510987e-01
7.751811802387237327e-01
7.751811802387237327e-01
7.751811802387237327e-01
7.751811802387237327e-01
7.751811802387237327e-01
7.751811802387237327e-01
7.751811802387237327e-01
7.751811802387237327e-01
7.751811802387237327e-01
7.751811802387237327e-01
7.751811802387237327e-01
7.758623051643371848e-01
7.758623051643371848e-01
7.758623051643371848e-01
7.758623051643371848e-01
7.758623051643371848e-01
7.758623051643371848e-01
7.758623051643371848e-01
7.758623051643371848e-01
7.758623051643371848e-01
7.758623051643371848e-01
7.758623051643371848e-01
7.758623051643371848e-01
7.770463550090789262e-01
7.770463550090789262e-01
7.770463550090789262e-01
7.770463550090789262e-01
7.770463550090789262e-01
7.770463550090789262e-01
7.770463550090789262e-01
7.770463550090789262e-01
7.770463550090789262e-01
7.770463550090789262e-01
7.770463550090789262e-01
7.770463550090789262e-01
7.786858713626861883e-01
7.786858713626861883e-01
7.786858713626861883e-01
7.786858713626861883e-01
7.786858713626861883e-01
7.786858713626861883e-01
7.786858713626861883e-01
7.786858713626861883e-01
7.786858713626861883e-01
7.786858713626861883e-01
7.786858713626861883e-01
7.786858713626861883e-01
7.809133434295654208e-01
7.809133434295654208e-01
7.809133434295654208e-01
7.809133434295654208e-01
7.809133434295654208e-01
7.809133434295654208e-01
7.809133434295654208e-01
7.809133434295654208e-01
7.809133434295654208e-01
7.809133434295654208e-01
7.809133434295654208e-01
7.809133434295654208e-01
7.840824651718140137e-01
7.840824651718140137e-01
7.840824651718140137e-01
7.840824651718140137e-01
7.840824651718140137e-01
7.840824651718140137e-01
7.840824651718140137e-01
7.840824651718140137e-01
7.840824651718140137e-01
7.840824651718140137e-01
7.840824651718140137e-01
7.840824651718140137e-01
7.884923684597014981e-01
7.884923684597014981e-01
7.884923684597014981e-01
7.884923684597014981e-01
7.884923684597014981e-01
7.884923684597014981e-01
7.884923684597014981e-01
7.884923684597014981e-01
7.884923684597014981e-01
7.884923684597014981e-01
7.884923684597014981e-01
7.884923684597014981e-01
7.884923684597014981e-01
7.941920804977417037e-01
7.941920804977417037e-01
7.941920804977417037e-01
7.941920804977417037e-01
7.941920804977417037e-01
7.941920804977417037e-01
7.941920804977417037e-01
7.941920804977417037e-01
7.941920804977417037e-01
7.941920804977417037e-01
7.941920804977417037e-01
7.941920804977417037e-01
7.941920804977417037e-01
8.010565412044524658e-01
8.010565412044524658e-01
8.010565412044524658e-01
8.010565412044524658e-01
8.010565412044524658e-01
8.010565412044524658e-01
8.010565412044524658e-01
8.010565412044524658e-01
8.010565412044524658e-01
8.010565412044524658e-01
8.010565412044524658e-01
8.010565412044524658e-01
8.010565412044524658e-01
8.088948822021484464e-01
8.088948822021484464e-01
8.088948822021484464e-01
8.088948822021484464e-01
8.088948822021484464e-01
8.088948822021484464e-01
8.088948822021484464e-01
8.088948822021484464e-01
8.088948822021484464e-01
8.088948822021484464e-01
8.088948822021484464e-01
8.088948822021484464e-01
8.088948822021484464e-01
8.088948822021484464e-01
8.172777497768402011e-01
8.172777497768402011e-01
8.172777497768402011e-01
8.172777497768402011e-01
8.172777497768402011e-01
8.172777497768402011e-01
8.172777497768402011e-01
8.172777497768402011e-01
8.172777497768402011e-01
8.172777497768402011e-01
8.172777497768402011e-01
8.172777497768402011e-01
8.172777497768402011e-01
8.256634354591370073e-01
8.256634354591370073e-01
8.256634354591370073e-01
8.256634354591370073e-01
8.256634354591370073e-01
8.256634354591370073e-01
8.256634354591370073e-01
8.256634354591370073e-01
8.256634354591370073e-01
8.256634354591370073e-01
8.256634354591370073e-01
8.256634354591370073e-01
8.256634354591370073e-01
8.256634354591370073e-01
8.336001837253570468e-01
8.336001837253570468e-01
8.336001837253570468e-01
8.336001837253570468e-01
8.336001837253570468e-01
8.336001837253570468e-01
8.336001837253570468e-01
8.336001837253570468e-01
8.336001837253570468e-01
8.336001837253570468e-01
8.336001837253570468e-01
8.336001837253570468e-01
8.336001837253570468e-01
8.336001837253570468e-01
8.336001837253570468e-01
8.406572937965393066e-01
8.406572937965393066e-01
8.406572937965393066e-01
8.406572937965393066e-01
8.406572937965393066e-01
8.406572937965393066e-01
8.406572937965393066e-01
8.406572937965393066e-01
8.406572937965393066e-01
8.406572937965393066e-01
8.406572937965393066e-01
8.406572937965393066e-01
8.406572937965393066e-01
8.406572937965393066e-01
8.467567610740661666e-01
8.467567610740661666e-01
8.467567610740661666e-01
8.467567610740661666e-01
8.467567610740661666e-01
8.467567610740661666e-01
8.467567610740661666e-01
8.467567610740661666e-01
8.467567610740661666e-01
8.467567610740661666e-01
8.467567610740661666e-01
8.467567610740661666e-01
8.467567610740661666e-01
8.467567610740661666e-01
8.467567610740661666e-01
8.518898379802704035e-01
8.518898379802704035e-01
8.518898379802704035e-01
8.518898379802704035e-01
8.518898379802704035e-01
8.518898379802704035e-01
8.518898379802704035e-01
8.518898379802704035e-01
8.518898379802704035e-01
8.518898379802704035e-01
8.518898379802704035e-01
8.518898379802704035e-01
8.518898379802704035e-01
8.518898379802704035e-01
8.518898379802704035e-01
8.557807421684264781e-01
8.557807421684264781e-01
8.557807421684264781e-01
8.557807421684264781e-01
8.557807421684264781e-01
8.557807421684264781e-01
8.557807421684264781e-01
8.557807421684264781e-01
8.557807421684264781e-01
8.557807421684264781e-01
8.557807421684264781e-01
8.557807421684264781e-01
8.557807421684264781e-01
8.557807421684264781e-01
8.557807421684264781e-01
8.583694231510162753e-01
8.583694231510162753e-01
8.583694231510162753e-01
8.583694231510162753e-01
8.583694231510162753e-01
8.583694231510162753e-01
8.583694231510162753e-01
8.583694231510162753e-01
8.583694231510162753e-01
8.583694231510162753e-01
8.583694231510162753e-01
8.583694231510162753e-01
8.583694231510162753e-01
8.583694231510162753e-01
8.583694231510162753e-01
8.583694231510162753e-01
8.601236915588379439e-01
8.601236915588379439e-01
8.601236915588379439e-01
8.601236915588379439e-01
8.601236915588379439e-01
8.601236915588379439e-01
8.601236915588379439e-01
8.601236915588379439e-01
8.601236915588379439e-01
8.601236915588379439e-01
8.601236915588379439e-01
8.601236915588379439e-01
8.601236915588379439e-01
8.601236915588379439e-01
8.601236915588379439e-01
8.601236915588379439e-01
8.617912793159484552e-01
8.617912793159484552e-01
8.617912793159484552e-01
8.617912793159484552e-01
8.617912793159484552e-01
8.617912793159484552e-01
8.617912793159484552e-01
8.617912793159484552e-01
8.617912793159484552e-01
8.617912793159484552e-01
8.617912793159484552e-01
8.617912793159484552e-01
8.617912793159484552e-01
8.617912793159484552e-01
8.617912793159484552e-01
8.617912793159484552e-01
8.640956103801726851e-01
8.640956103801726851e-01
8.640956103801726851e-01
8.640956103801726851e-01
8.640956103801726851e-01
8.640956103801726851e-01
8.640956103801726851e-01
8.640956103801726851e-01
8.640956103801726851e-01
8.640956103801726851e-01
8.640956103801726851e-01
8.640956103801726851e-01
8.640956103801726851e-01
8.640956103801726851e-01
8.640956103801726851e-01
8.640956103801726851e-01
8.675542128086090043e-01
8.675542128086090043e-01
8.675542128086090043e-01
8.675542128086090043e-01
8.675542128086090043e-01
8.675542128086090043e-01
8.675542128086090043e-01
8.675542128086090043e-01
8.675542128086090043e-01
8.675542128086090043e-01
8.675542128086090043e-01
8.675542128086090043e-01
8.675542128086090043e-01
8.675542128086090043e-01
8.675542128086090043e-01
8.675542128086090043e-01
8.675542128086090043e-01
8.723597347736358198e-01
8.723597347736358198e-01
8.723597347736358198e-01
8.723597347736358198e-01
8.723597347736358198e-01
8.723597347736358198e-01
8.723597347736358198e-01
8.723597347736358198e-01
8.723597347736358198e-01
8.723597347736358198e-01
8.723597347736358198e-01
8.723597347736358198e-01
8.723597347736358198e-01
8.723597347736358198e-01
8.723597347736358198e-01
8.723597347736358198e-01
8.723597347736358198e-01
8.784131634235382569e-01
8.784131634235382569e-01
8.784131634235382569e-01
8.784131634235382569e-01
8.784131634235382569e-01
8.784131634235382569e-01
8.784131634235382569e-01
8.784131634235382569e-01
8.784131634235382569e-01
8.784131634235382569e-01
8.784131634235382569e-01
8.784131634235382569e-01
8.784131634235382569e-01
8.784131634235382569e-01
8.784131634235382569e-01
8.784131634235382569e-01
8.784131634235382569e-01
8.784131634235382569e-01
8.852070820331573442e-01
8.852070820331573442e-01
8.852070820331573442e-01
8.852070820331573442e-01
8.852070820331573442e-01
8.852070820331573442e-01
8.852070820331573442e-01
8.852070820331573442e-01
8.852070820331573442e-01
8.852070820331573442e-01
8.852070820331573442e-01
8.852070820331573442e-01
8.852070820331573442e-01
8.852070820331573442e-01
8.852070820331573442e-01
8.852070820331573442e-01
8.852070820331573442e-01
8.918777418136596413e-01
8.918777418136596413e-01
8.918777418136596413e-01
8.918777418136596413e-01
8.918777418136596413e-01
8.918777418136596413e-01
8.918777418136596413e-01
8.918777418136596413e-01
8.918777418136596413e-01
8.918777418136596413e-01
8.918777418136596413e-01
8.918777418136596413e-01
8.918777418136596413e-01
8.918777418136596413e-01
8.918777418136596413e-01
8.918777418136596413e-01
8.918777418136596413e-01
8.918777418136596413e-01
8.976537859439850386e-01
8.976537859439850386e-01
8.976537859439850386e-01
8.976537859439850386e-01
8.976537859439850386e-01
8.976537859439850386e-01
8.976537859439850386e-01
8.976537859439850386e-01
8.976537859439850386e-01
8.976537859439850386e-01
8.976537859439850386e-01
8.976537859439850386e-01
8.976537859439850386e-01
8.976537859439850386e-01
8.976537859439850386e-01
8.976537859439850386e-01
8.976537859439850386e-01
8.976537859439850386e-01
8.976537859439850386e-01
9.021293854713440252e-01
9.021293854713440252e-01
9.021293854713440252e-01
9.021293854713440252e-01
9.021293854713440252e-01
9.021293854713440252e-01
9.021293854713440252e-01
9.021293854713440252e-01
9.021293854713440252e-01
9.021293854713440252e-01
9.021293854713440252e-01
9.021293854713440252e-01
9.021293854713440252e-01
9.021293854713440252e-01
9.021293854713440252e-01
9.021293854713440252e-01
9.021293854713440252e-01
9.021293854713440252e-01
9.053776407241821422e-01
9.053776407241821422e-01
9.053776407241821422e-01
9.053776407241821422e-01
9.053776407241821422e-01
9.053776407241821422e-01
9.053776407241821422e-01
9.053776407241821422e-01
9.053776407241821422e-01
9.053776407241821422e-01
9.053776407241821422e-01
9.053776407241821422e-01
9.053776407241821422e-01
9.053776407241821422e-01
9.053776407241821422e-01
9.053776407241821422e-01
9.053776407241821422e-01
9.053776407241821422e-01
9.053776407241821422e-01
9.080624341964721458e-01
9.080624341964721458e-01
9.080624341964721458e-01
9.080624341964721458e-01
9.080624341964721458e-01
9.080624341964721458e-01
9.080624341964721458e-01
9.080624341964721458e-01
9.080624341964721458e-01
9.080624341964721458e-01
9.080624341964721458e-01
9.080624341964721458e-01
9.080624341964721458e-01
9.080624341964721458e-01
9.080624341964721458e-01
9.080624341964721458e-01
9.080624341964721458e-01
9.080624341964721458e-01
9.080624341964721458e-01
9.080624341964721458e-01
9.108412539958954390e-01
9.108412539958954390e-01
9.108412539958954390e-01
9.108412539958954390e-01
9.108412539958954390e-01
9.108412539958954390e-01
9.108412539958954390e-01
9.108412539958954390e-01
9.108412539958954390e-01
9.108412539958954390e-01
9.108412539958954390e-01
9.108412539958954390e-01
9.108412539958954390e-01
9.108412539958954390e-01
9.108412539958954390e-01
9.108412539958954390e-01
9.108412539958954390e-01
9.108412539958954390e-01
9.108412539958954390e-01
9.108412539958954390e-01
9.140656912326812211e-01
9.140656912326812211e-01
9.140656912326812211e-01
9.140656912326812211e-01
9.140656912326812211e-01
9.140656912326812211e-01
9.140656912326812211e-01
9.140656912326812211e-01
9.140656912326812211e-01
9.140656912326812211e-01
9.140656912326812211e-01
9.140656912326812211e-01
9.140656912326812211e-01
9.140656912326812211e-01
9.140656912326812211e-01
9.140656912326812211e-01
9.140656912326812211e-01
9.140656912326812211e-01
9.140656912326812211e-01
9.140656912326812211e-01
9.181075787544250577e-01
9.181075787544250577e-01
9.181075787544250577e-01
9.181075787544250577e-01
9.181075787544250577e-01
9.181075787544250577e-01
9.181075787544250577e-01
9.181075787544250577e-01
9.181075787544250577e-01
9.181075787544250577e-01
9.181075787544250577e-01
9.181075787544250577e-01
9.181075787544250577e-01
9.181075787544250577e-01
9.181075787544250577e-01
9.181075787544250577e-01
9.181075787544250577e-01
9.181075787544250577e-01
9.181075787544250577e-01
9.181075787544250577e-01
9.225615596771240545e-01
9.225615596771240545e-01
9.225615596771240545e-01
9.225615596771240545e-01
9.225615596771240545e-01
9.225615596771240545e-01
9.225615596771240545e-01
9.225615596771240545e-01
9.225615596771240545e-01
9.225615596771240545e-01
9.225615596771240545e-01
9.225615596771240545e-01
9.225615596771240545e-01
9.225615596771240545e-01
9.225615596771240545e-01
9.225615596771240545e-01
9.225615596771240545e-01
9.225615596771240545e-01
9.225615596771240545e-01
9.225615596771240545e-01
9.225615596771240545e-01
9.263840460777282848e-01
9.263840460777282848e-01
9.263840460777282848e-01
9.263840460777282848e-01
9.263840460777282848e-01
9.263840460777282848e-01
9.263840460777282848e-01
9.263840460777282848e-01
9.263840460777282848e-01
9.263840460777282848e-01
9.263840460777282848e-01
9.263840460777282848e-01
9.263840460777282848e-01
9.263840460777282848e-01
9.263840460777282848e-01
9.263840460777282848e-01
9.263840460777282848e-01
9.263840460777282848e-01
9.263840460777282848e-01
9.263840460777282848e-01
9.263840460777282848e-01
9.294791865348815962e-01
9.294791865348815962e-01
9.294791865348815962e-01
9.294791865348815962e-01
9.294791865348815962e-01
9.294791865348815962e-01
9.294791865348815962e-01
9.294791865348815962e-01
9.294791865348815962e-01
9.294791865348815962e-01
9.294791865348815962e-01
9.294791865348815962e-01
9.294791865348815962e-01
9.294791865348815962e-01
9.294791865348815962e-01
9.294791865348815962e-01
9.294791865348815962e-01
9.294791865348815962e-01
9.294791865348815962e-01
9.294791865348815962e-01
9.294791865348815962e-01
9.323448061943053755e-01
9.323448061943053755e-01
9.323448061943053755e-01
9.323448061943053755e-01
9.323448061943053755e-01
9.323448061943053755e-01
9.323448061943053755e-01
9.323448061943053755e-01
9.323448061943053755e-01
9.323448061943053755e-01
9.323448061943053755e-01
9.323448061943053755e-01
9.323448061943053755e-01
9.323448061943053755e-01
9.323448061943053755e-01
9.323448061943053755e-01
9.323448061943053755e-01
9.323448061943053755e-01
9.323448061943053755e-01
9.323448061943053755e-01
9.323448061943053755e-01
9.323448061943053755e-01
9.352302026748656738e-01
9.352302026748656738e-01
9.352302026748656738e-01
9.352302026748656738e-01
9.352302026748656738e-01
9.352302026748656738e-01
9.352302026748656738e-01
9.352302026748656738e-01
9.352302026748656738e-01
9.352302026748656738e-01
9.352302026748656738e-01
9.352302026748656738e-01
9.352302026748656738e-01
9.352302026748656738e-01
9.352302026748656738e-01
9.352302026748656738e-01
9.352302026748656738e-01
9.352302026748656738e-01
9.352302026748656738e-01
9.352302026748656738e-01
9.352302026748656738e-01
9.352302026748656738e-01
9.380041372776031228e-01
9.380041372776031228e-01
9.380041372776031228e-01
9.380041372776031228e-01
9.380041372776031228e-01
9.380041372776031228e-01
9.380041372776031228e-01
9.380041372776031228e-01
9.380041372776031228e-01
9.380041372776031228e-01
9.380041372776031228e-01
9.380041372776031228e-01
9.380041372776031228e-01
9.380041372776031228e-01
9.380041372776031228e-01
9.380041372776031228e-01
9.380041372776031228e-01
9.380041372776031228e-01
9.380041372776031228e-01
9.380041372776031228e-01
9.380041372776031228e-01
9.380041372776031228e-01
9.380041372776031228e-01
9.410452973842621249e-01
9.410452973842621249e-01
9.410452973842621249e-01
9.410452973842621249e-01
9.410452973842621249e-01
9.410452973842621249e-01
9.410452973842621249e-01
9.410452973842621249e-01
9.410452973842621249e-01
9.410452973842621249e-01
9.410452973842621249e-01
9.410452973842621249e-01
9.410452973842621249e-01
9.410452973842621249e-01
9.410452973842621249e-01
9.410452973842621249e-01
9.410452973842621249e-01
9.410452973842621249e-01
9.410452973842621249e-01
9.410452973842621249e-01
9.410452973842621249e-01
9.410452973842621249e-01
9.410452973842621249e-01
9.450546538829803778e-01
9.450546538829803778e-01
9.450546538829803778e-01
9.450546538829803778e-01
9.450546538829803778e-01
9.450546538829803778e-01
9.450546538829803778e-01
9.450546538829803778e-01
9.450546538829803778e-01
9.450546538829803778e-01
9.450546538829803778e-01
9.450546538829803778e-01
9.450546538829803778e-01
9.450546538829803778e-01
9.450546538829803778e-01
9.450546538829803778e-01
9.450546538829803778e-01
9.450546538829803778e-01
9.450546538829803778e-01
9.450546538829803778e-01
9.450546538829803778e-01
9.450546538829803778e-01
9.450546538829803778e-01
9.497722530364990368e-01
9.497722530364990368e-01
9.497722530364990368e-01
9.497722530364990368e-01
9.497722530364990368e-01
9.497722530364990368e-01
9.497722530364990368e-01
9.497722530364990368e-01
9.497722530364990368e-01
9.497722530364990368e-01
9.497722530364990368e-01
9.497722530364990368e-01
9.497722530364990368e-01
9.497722530364990368e-01
9.497722530364990368e-01
9.497722530364990368e-01
9.497722530364990368e-01
9.497722530364990368e-01
9.497722530364990368e-01
9.497722530364990368e-01
9.497722530364990368e-01
9.497722530364990368e-01
9.497722530364990368e-01
9.497722530364990368e-01
9.543090355396270930e-01
9.543090355396270930e-01
9.543090355396270930e-01
9.543090355396270930e-01
9.543090355396270930e-01
9.543090355396270930e-01
9.543090355396270930e-01
9.543090355396270930e-01
9.543090355396270930e-01
9.543090355396270930e-01
9.543090355396270930e-01
9.543090355396270930e-01
9.543090355396270930e-01
9.543090355396270930e-01
9.543090355396270930e-01
9.543090355396270930e-01
9.543090355396270930e-01
9.543090355396270930e-01
9.543090355396270930e-01
9.543090355396270930e-01
9.543090355396270930e-01
9.543090355396270930e-01
9.543090355396270930e-01
9.543090355396270930e-01
9.580561661720276012e-01
9.580561661720276012e-01
9.580561661720276012e-01
9.580561661720276012e-01
9.580561661720276012e-01
9.580561661720276012e-01
9.580561661720276012e-01
9.580561661720276012e-01
9.580561661720276012e-01
9.580561661720276012e-01
9.580561661720276012e-01
9.580561661720276012e-01
9.580561661720276012e-01
9.580561661720276012e-01
9.580561661720276012e-01
9.580561661720276012e-01
9.580561661720276012e-01
9.580561661720276012e-01
9.580561661720276012e-01
9.580561661720276012e-01
9.580561661720276012e-01
9.580561661720276012e-01
9.580561661720276012e-01
9.580561661720276012e-01
9.606930041313170854e-01
9.606930041313170854e-01
9.606930041313170854e-01
9.606930041313170854e-01
9.606930041313170854e-01
9.606930041313170854e-01
9.606930041313170854e-01
9.606930041313170854e-01
9.606930041313170854e-01
9.606930041313170854e-01
9.606930041313170854e-01
9.606930041313170854e-01
9.606930041313170854e-01
9.606930041313170854e-01
9.606930041313170854e-01
9.606930041313170854e-01
9.606930041313170854e-01
9.606930041313170854e-01
9.606930041313170854e-01
9.606930041313170854e-01
9.606930041313170854e-01
9.606930041313170854e-01
9.606930041313170854e-01
9.606930041313170854e-01
9.606930041313170854e-01
9.624990296363830078e-01
9.624990296363830078e-01
9.624990296363830078e-01
9.624990296363830078e-01
9.624990296363830078e-01
9.624990296363830078e-01
9.624990296363830078e-01
9.624990296363830078e-01
9.624990296363830078e-01
9.624990296363830078e-01
9.624990296363830078e-01
9.624990296363830078e-01
9.624990296363830078e-01
9.624990296363830078e-01
9.624990296363830078e-01
9.624990296363830078e-01
9.624990296363830078e-01
9.624990296363830078e-01
9.624990296363830078e-01
9.624990296363830078e-01
9.624990296363830078e-01
9.624990296363830078e-01
9.624990296363830078e-01
9.624990296363830078e-01
9.624990296363830078e-01
9.624990296363830078e-01
9.643223845958709406e-01
9.643223845958709406e-01
9.643223845958709406e-01
9.643223845958709406e-01
9.643223845958709406e-01
9.643223845958709406e-01
9.643223845958709406e-01
9.643223845958709406e-01
9.643223845958709406e-01
9.643223845958709406e-01
9.643223845958709406e-01
9.643223845958709406e-01
9.643223845958709406e-01
9.643223845958709406e-01
9.643223845958709406e-01
9.643223845958709406e-01
9.643223845958709406e-01
9.643223845958709406e-01
9.643223845958709406e-01
9.643223845958709406e-01
9.643223845958709406e-01
9.643223845958709406e-01
9.643223845958709406e-01
9.643223845958709406e-01
9.643223845958709406e-01
9.667060732841491477e-01
9.667060732841491477e-01
9.667060732841491477e-01
9.667060732841491477e-01
9.667060732841491477e-01
9.667060732841491477e-01
9.667060732841491477e-01
9.667060732841491477e-01
9.667060732841491477e-01
9.667060732841491477e-01
9.667060732841491477e-01
9.667060732841491477e-01
9.667060732841491477e-01
9.667060732841491477e-01
9.667060732841491477e-01
9.667060732841491477e-01
9.667060732841491477e-01
9.667060732841491477e-01
9.667060732841491477e-01
9.667060732841491477e-01
9.667060732841491477e-01
9.667060732841491477e-01
9.667060732841491477e-01
9.667060732841491477e-01
9.667060732841491477e-01
9.667060732841491477e-01
9.667060732841491477e-01
9.697418475151061701e-01
9.697418475151061701e-01
9.697418475151061701e-01
9.697418475151061701e-01
9.697418475151061701e-01
9.697418475151061701e-01
9.697418475151061701e-01
9.697418475151061701e-01
9.697418475151061701e-01
9.697418475151061701e-01
9.697418475151061701e-01
9.697418475151061701e-01
9.697418475151061701e-01
9.697418475151061701e-01
9.697418475151061701e-01
9.697418475151061701e-01
9.697418475151061701e-01
9.697418475151061701e-01
9.697418475151061701e-01
9.697418475151061701e-01
9.697418475151061701e-01
9.697418475151061701e-01
9.697418475151061701e-01
9.697418475151061701e-01
9.697418475151061701e-01
9.697418475151061701e-01
9.735519897937774392e-01
9.735519897937774392e-01
9.735519897937774392e-01
9.735519897937774392e-01
9.735519897937774392e-01
9.735519897937774392e-01
9.735519897937774392e-01
9.735519897937774392e-01
9.735519897937774392e-01
9.735519897937774392e-01
9.735519897937774392e-01
9.735519897937774392e-01
9.735519897937774392e-01
9.735519897937774392e-01
9.735519897937774392e-01
9.735519897937774392e-01
9.735519897937774392e-01
9.735519897937774392e-01
9.735519897937774392e-01
9.735519897937774392e-01
9.735519897937774392e-01
9.735519897937774392e-01
9.735519897937774392e-01
9.735519897937774392e-01
9.735519897937774392e-01
9.735519897937774392e-01
9.735519897937774392e-01
9.781760370731353849e-01
9.781760370731353849e-01
9.781760370731353849e-01
9.781760370731353849e-01
9.781760370731353849e-01
9.781760370731353849e-01
9.781760370731353849e-01
9.781760370731353849e-01
9.781760370731353849e-01
9.781760370731353849e-01
9.781760370731353849e-01
9.781760370731353849e-01
9.781760370731353849e-01
9.781760370731353849e-01
9.781760370731353849e-01
9.781760370731353849e-01
9.781760370731353849e-01
9.781760370731353849e-01
9.781760370731353849e-01
9.781760370731353849e-01
9.781760370731353849e-01
9.781760370731353849e-01
9.781760370731353849e-01
9.781760370731353849e-01
9.781760370731353849e-01
9.781760370731353849e-01
9.781760370731353849e-01
9.825831615924834894e-01
9.825831615924834894e-01
9.825831615924834894e-01
9.825831615924834894e-01
9.825831615924834894e-01
9.825831615924834894e-01
9.825831615924834894e-01
9.825831615924834894e-01
9.825831615924834894e-01
9.825831615924834894e-01
9.825831615924834894e-01
9.825831615924834894e-01
9.825831615924834894e-01
9.825831615924834894e-01
9.825831615924834894e-01
9.825831615924834894e-01
9.825831615924834894e-01
9.825831615924834894e-01
9.825831615924834894e-01
9.825831615924834894e-01
9.825831615924834894e-01
9.825831615924834894e-01
9.825831615924834894e-01
9.825831615924834894e-01
9.825831615924834894e-01
9.825831615924834894e-01
9.825831615924834894e-01
9.825831615924834894e-01
9.855298972129822310e-01
9.855298972129822310e-01
9.855298972129822310e-01
9.855298972129822310e-01
9.855298972129822310e-01
9.855298972129822310e-01
9.855298972129822310e-01
9.855298972129822310e-01
9.855298972129822310e-01
9.855298972129822310e-01
9.855298972129822310e-01
9.855298972129822310e-01
9.855298972129822310e-01
9.855298972129822310e-01
9.855298972129822310e-01
9.855298972129822310e-01
9.855298972129822310e-01
9.855298972129822310e-01
9.855298972129822310e-01
9.855298972129822310e-01
9.855298972129822310e-01
9.855298972129822310e-01
9.855298972129822310e-01
9.855298972129822310e-01
9.855298972129822310e-01
9.855298972129822310e-01
9.855298972129822310e-01
9.855298972129822310e-01
9.855298972129822310e-01
9.874578821659087957e-01
9.874578821659087957e-01
9.874578821659087957e-01
9.874578821659087957e-01
9.874578821659087957e-01
9.874578821659087957e-01
9.874578821659087957e-01
9.874578821659087957e-01
9.874578821659087957e-01
9.874578821659087957e-01
9.874578821659087957e-01
9.874578821659087957e-01
9.874578821659087957e-01
9.874578821659087957e-01
9.874578821659087957e-01
9.874578821659087957e-01
9.874578821659087957e-01
9.874578821659087957e-01
9.874578821659087957e-01
9.874578821659087957e-01
9.874578821659087957e-01
9.874578821659087957e-01
9.874578821659087957e-01
9.874578821659087957e-01
9.874578821659087957e-01
9.874578821659087957e-01
9.874578821659087957e-01
9.874578821659087957e-01
9.892014849185943870e-01
9.892014849185943870e-01
9.892014849185943870e-01
9.892014849185943870e-01
9.892014849185943870e-01
9.892014849185943870e-01
9.892014849185943870e-01
9.892014849185943870e-01
9.892014849185943870e-01
9.892014849185943870e-01
9.892014849185943870e-01
9.892014849185943870e-01
9.892014849185943870e-01
9.892014849185943870e-01
9.892014849185943870e-01
9.892014849185943870e-01
9.892014849185943870e-01
9.892014849185943870e-01
9.892014849185943870e-01
9.892014849185943870e-01
9.892014849185943870e-01
9.892014849185943870e-01
9.892014849185943870e-01
9.892014849185943870e-01
9.892014849185943870e-01
9.892014849185943870e-01
9.892014849185943870e-01
9.892014849185943870e-01
9.892014849185943870e-01
9.909435296058655140e-01
9.909435296058655140e-01
9.909435296058655140e-01
9.909435296058655140e-01
9.909435296058655140e-01
9.909435296058655140e-01
9.909435296058655140e-01
9.909435296058655140e-01
9.909435296058655140e-01
9.909435296058655140e-01
9.909435296058655140e-01
9.909435296058655140e-01
9.909435296058655140e-01
9.909435296058655140e-01
9.909435296058655140e-01
9.909435296058655140e-01
9.909435296058655140e-01
9.909435296058655140e-01
9.909435296058655140e-01
9.909435296058655140e-01
9.909435296058655140e-01
9.909435296058655140e-01
9.909435296058655140e-01
9.909435296058655140e-01
9.909435296058655140e-01
9.909435296058655140e-01
9.909435296058655140e-01
9.909435296058655140e-01
9.909435296058655140e-01
9.909435296058655140e-01
9.925341045856476141e-01
9.925341045856476141e-01
9.925341045856476141e-01
9.925341045856476141e-01
9.925341045856476141e-01
9.925341045856476141e-01
9.925341045856476141e-01
9.925341045856476141e-01
9.925341045856476141e-01
9.925341045856476141e-01
9.925341045856476141e-01
9.925341045856476141e-01
9.925341045856476141e-01
9.925341045856476141e-01
9.925341045856476141e-01
9.925341045856476141e-01
9.925341045856476141e-01
9.925341045856476141e-01
9.925341045856476141e-01
9.925341045856476141e-01
9.925341045856476141e-01
9.925341045856476141e-01
9.925341045856476141e-01
9.925341045856476141e-01
9.925341045856476141e-01
9.925341045856476141e-01
9.925341045856476141e-01
9.925341045856476141e-01
9.925341045856476141e-01
9.925341045856476141e-01
9.937924051284789950e-01
9.937924051284789950e-01
9.937924051284789950e-01
9.937924051284789950e-01
9.937924051284789950e-01
9.937924051284789950e-01
9.937924051284789950e-01
9.937924051284789950e-01
9.937924051284789950e-01
9.937924051284789950e-01
9.937924051284789950e-01
9.937924051284789950e-01
9.937924051284789950e-01
9.937924051284789950e-01
9.937924051284789950e-01
9.937924051284789950e-01
9.937924051284789950e-01
9.937924051284789950e-01
9.937924051284789950e-01
9.937924051284789950e-01
9.937924051284789950e-01
9.937924051284789950e-01
9.937924051284789950e-01
9.937924051284789950e-01
9.937924051284789950e-01
9.937924051284789950e-01
9.937924051284789950e-01
9.937924051284789950e-01
9.937924051284789950e-01
9.937924051284789950e-01
9.955033814907073841e-01
9.955033814907073841e-01
9.955033814907073841e-01
9.955033814907073841e-01
9.955033814907073841e-01
9.955033814907073841e-01
9.955033814907073841e-01
9.955033814907073841e-01
9.955033814907073841e-01
9.955033814907073841e-01
9.955033814907073841e-01
9.955033814907073841e-01
9.955033814907073841e-01
9.955033814907073841e-01
9.955033814907073841e-01
9.955033814907073841e-01
9.955033814907073841e-01
9.955033814907073841e-01
9.955033814907073841e-01
9.955033814907073841e-01
9.955033814907073841e-01
9.955033814907073841e-01
9.955033814907073841e-01
9.955033814907073841e-01
9.955033814907073841e-01
9.955033814907073841e-01
9.955033814907073841e-01
9.955033814907073841e-01
9.955033814907073841e-01
9.955033814907073841e-01
9.955033814907073841e-01
9.984262681007385343e-01
9.984262681007385343e-01
9.984262681007385343e-01
9.984262681007385343e-01
9.984262681007385343e-01
9.984262681007385343e-01
9.984262681007385343e-01
9.984262681007385343e-01
9.984262681007385343e-01
9.984262681007385343e-01
9.984262681007385343e-01
9.984262681007385343e-01
9.984262681007385343e-01
9.984262681007385343e-01
9.984262681007385343e-01
9.984262681007385343e-01
9.984262681007385343e-01
9.984262681007385343e-01
9.984262681007385343e-01
9.984262681007385343e-01
9.984262681007385343e-01
9.984262681007385343e-01
9.984262681007385343e-01
9.984262681007385343e-01
9.984262681007385343e-01
9.984262681007385343e-01
9.984262681007385343e-01
9.984262681007385343e-01
9.984262681007385343e-01
9.984262681007385343e-01
9.984262681007385343e-01
9.984262681007385343e-01
1.001371659040451112e+00
1.001371659040451112e+00
1.001371659040451112e+00
1.001371659040451112e+00
1.001371659040451112e+00
1.001371659040451112e+00
1.001371659040451112e+00
1.001371659040451112e+00
1.001371659040451112e+00
1.001371659040451112e+00
1.001371659040451112e+00
1.001371659040451112e+00
1.001371659040451112e+00
1.001371659040451112e+00
1.001371659040451112e+00
1.001371659040451112e+00
1.001371659040451112e+00
1.001371659040451112e+00
1.001371659040451112e+00
1.001371659040451112e+00
1.001371659040451112e+00
1.001371659040451112e+00
1.001371659040451112e+00
1.001371659040451112e+00
1.001371659040451112e+00
1.001371659040451112e+00
1.001371659040451112e+00
1.001371659040451112e+00
1.001371659040451112e+00
1.001371659040451112e+00
1.001371659040451112e+00
1.001371659040451112e+00
1.003218896389007631e+00
1.003218896389007631e+00
1.003218896389007631e+00
1.003218896389007631e+00
1.003218896389007631e+00
1.003218896389007631e+00
1.003218896389007631e+00
1.003218896389007631e+00
1.003218896389007631e+00
1.003218896389007631e+00
1.003218896389007631e+00
1.003218896389007631e+00
1.003218896389007631e+00
1.003218896389007631e+00
1.003218896389007631e+00
1.003218896389007631e+00
1.003218896389007631e+00
1.003218896389007631e+00
1.003218896389007631e+00
1.003218896389007631e+00
1.003218896389007631e+00
1.003218896389007631e+00
1.003218896389007631e+00
1.003218896389007631e+00
1.003218896389007631e+00
1.003218896389007631e+00
1.003218896389007631e+00
1.003218896389007631e+00
1.003218896389007631e+00
1.003218896389007631e+00
1.003218896389007631e+00
1.003218896389007631e+00
1.003853183984756425e+00
1.003853183984756425e+00
1.003853183984756425e+00
1.003853183984756425e+00
1.003853183984756425e+00
1.003853183984756425e+00
1.003853183984756425e+00
1.003853183984756425e+00
1.003853183984756425e+00
1.003853183984756425e+00
1.003853183984756425e+00
1.003853183984756425e+00
1.003853183984756425e+00
1.003853183984756425e+00
1.003853183984756425e+00
1.003853183984756425e+00
1.003853183984756425e+00
1.003853183984756425e+00
1.003853183984756425e+00
1.003853183984756425e+00
1.003853183984756425e+00
1.003853183984756425e+00
1.003853183984756425e+00
1.003853183984756425e+00
1.003853183984756425e+00
1.003853183984756425e+00
1.003853183984756425e+00
1.003853183984756425e+00
1.003853183984756425e+00
1.003853183984756425e+00
1.003853183984756425e+00
1.003853183984756425e+00
1.003853183984756425e+00
1.003707016706466781e+00
1.003707016706466781e+00
1.003707016706466781e+00
1.003707016706466781e+00
1.003707016706466781e+00
1.003707016706466781e+00
1.003707016706466781e+00
1.003707016706466781e+00
1.003707016706466781e+00
1.003707016706466781e+00
1.003707016706466781e+00
1.003707016706466781e+00
1.003707016706466781e+00
1.003707016706466781e+00
1.003707016706466781e+00
1.003707016706466781e+00
1.003707016706466781e+00
1.003707016706466781e+00
1.003707016706466781e+00
1.003707016706466781e+00
1.003707016706466781e+00
1.003707016706466781e+00
1.003707016706466781e+00
1.003707016706466781e+00
1.003707016706466781e+00
1.003707016706466781e+00
1.003707016706466781e+00
1.003707016706466781e+00
1.003707016706466781e+00
1.003707016706466781e+00
1.003707016706466781e+00
1.003707016706466781e+00
1.003707016706466781e+00
1.003253868818283046e+00
1.003253868818283046e+00
1.003253868818283046e+00
1.003253868818283046e+00
1.003253868818283046e+00
1.003253868818283046e+00
1.003253868818283046e+00
1.003253868818283046e+00
1.003253868818283046e+00
1.003253868818283046e+00
1.003253868818283046e+00
1.003253868818283046e+00
1.003253868818283046e+00
1.003253868818283046e+00
1.003253868818283046e+00
1.003253868818283046e+00
1.003253868818283046e+00
1.003253868818283046e+00
1.003253868818283046e+00
1.003253868818283046e+00
1.003253868818283046e+00
1.003253868818283046e+00
1.003253868818283046e+00
1.003253868818283046e+00
1.003253868818283046e+00
1.003253868818283046e+00
1.003253868818283046e+00
1.003253868818283046e+00
1.003253868818283046e+00
1.003253868818283046e+00
1.003253868818283046e+00
1.003253868818283046e+00
1.003253868818283046e+00
1.002717390060424707e+00
1.002717390060424707e+00
1.002717390060424707e+00
1.002717390060424707e+00
1.002717390060424707e+00
1.002717390060424707e+00
1.002717390060424707e+00
1.002717390060424707e+00
1.002717390060424707e+00
1.002717390060424707e+00
1.002717390060424707e+00
1.002717390060424707e+00
1.002717390060424707e+00
1.002717390060424707e+00
1.002717390060424707e+00
1.002717390060424707e+00
1.002717390060424707e+00
1.002717390060424707e+00
1.002717390060424707e+00
1.002717390060424707e+00
1.002717390060424707e+00
1.002717390060424707e+00
1.002717390060424707e+00
1.002717390060424707e+00
1.002717390060424707e+00
1.002717390060424707e+00
1.002717390060424707e+00
1.002717390060424707e+00
1.002717390060424707e+00
1.002717390060424707e+00
1.002717390060424707e+00
1.002717390060424707e+00
1.002717390060424707e+00
1.002717390060424707e+00
1.002717390060424707e+00
1.002173889875412005e+00
1.002173889875412005e+00
1.002173889875412005e+00
1.002173889875412005e+00
1.002173889875412005e+00
1.002173889875412005e+00
1.002173889875412005e+00
1.002173889875412005e+00
1.002173889875412005e+00
1.002173889875412005e+00
1.002173889875412005e+00
1.002173889875412005e+00
1.002173889875412005e+00
1.002173889875412005e+00
1.002173889875412005e+00
1.002173889875412005e+00
1.002173889875412005e+00
1.002173889875412005e+00
1.002173889875412005e+00
1.002173889875412005e+00
1.002173889875412005e+00
1.002173889875412005e+00
1.002173889875412005e+00
1.002173889875412005e+00
1.002173889875412005e+00
1.002173889875412005e+00
1.002173889875412005e+00
1.002173889875412005e+00
1.002173889875412005e+00
1.002173889875412005e+00
1.002173889875412005e+00
1.002173889875412005e+00
1.002173889875412005e+00
1.002173889875412005e+00
1.001814984083175597e+00
1.001814984083175597e+00
1.001814984083175597e+00
1.001814984083175597e+00
1.001814984083175597e+00
1.001814984083175597e+00
1.001814984083175597e+00
1.001814984083175597e+00
1.001814984083175597e+00
1.001814984083175597e+00
1.001814984083175597e+00
1.001814984083175597e+00
1.001814984083175597e+00
1.001814984083175597e+00
1.001814984083175597e+00
1.001814984083175597e+00
1.001814984083175597e+00
1.001814984083175597e+00
1.001814984083175597e+00
1.001814984083175597e+00
1.001814984083175597e+00
1.001814984083175597e+00
1.001814984083175597e+00
1.001814984083175597e+00
1.001814984083175597e+00
1.001814984083175597e+00
1.001814984083175597e+00
1.001814984083175597e+00
1.001814984083175597e+00
1.001814984083175597e+00
1.001814984083175597e+00
1.001814984083175597e+00
1.001814984083175597e+00
1.001814984083175597e+00
1.001814984083175597e+00
1.001968218088149953e+00
1.001968218088149953e+00
1.001968218088149953e+00
1.001968218088149953e+00
1.001968218088149953e+00
1.001968218088149953e+00
1.001968218088149953e+00
1.001968218088149953e+00
1.001968218088149953e+00
1.001968218088149953e+00
1.001968218088149953e+00
1.001968218088149953e+00
1.001968218088149953e+00
1.001968218088149953e+00
1.001968218088149953e+00
