3.599999999999999901e-03
1.110195097548774372e-02
1.860390195097548841e-02
2.610585292646323136e-02
3.360780390195097778e-02
4.110975487743871726e-02
4.861170585292646368e-02
5.611365682841420316e-02
6.361560780390194958e-02
7.111755877938970294e-02
7.861950975487744242e-02
8.612146073036518190e-02
9.362341170585293526e-02
1.011253626813406747e-01
1.086273136568284142e-01
1.161292646323161676e-01
1.236312156078039071e-01
1.311331665832916327e-01
1.386351175587793860e-01
1.461370685342671116e-01
1.536390195097548650e-01
1.611409704852426183e-01
1.686429214607303440e-01
1.761448724362180973e-01
1.836468234117058507e-01
1.911487743871935763e-01
1.986507253626813296e-01
2.061526763381690830e-01
2.136546273136568086e-01
2.211565782891445620e-01
2.286585292646323153e-01
2.361604802401200409e-01
2.436624312156077943e-01
2.511643821910955476e-01
2.586663331665832732e-01
2.661682841420709988e-01
2.736702351175587800e-01
2.811721860930465056e-01
2.886741370685342312e-01
2.961760880440220123e-01
3.036780390195097379e-01
3.111799899949974635e-01
3.186819409704852446e-01
3.261838919459729702e-01
3.336858429214606958e-01
3.411877938969484769e-01
3.486897448724362025e-01
3.561916958479239281e-01
3.636936468234117092e-01
3.711955977988994348e-01
3.786975487743871605e-01
3.861994997498749416e-01
3.937014507253626672e-01
4.012034017008503928e-01
4.087053526763381739e-01
4.162073036518258995e-01
4.237092546273136251e-01
4.312112056028014062e-01
4.387131565782891318e-01
4.462151075537768574e-01
4.537170585292646385e-01
4.612190095047523641e-01
4.687209604802400897e-01
4.762229114557278709e-01
4.837248624312155965e-01
4.912268134067033221e-01
4.987287643821911032e-01
5.062307153576788288e-01
5.137326663331666099e-01
5.212346173086543910e-01
5.287365682841420611e-01
5.362385192596298422e-01
5.437404702351176233e-01
5.512424212106052934e-01
5.587443721860930745e-01
5.662463231615808557e-01
5.737482741370685257e-01
5.812502251125563069e-01
5.887521760880440880e-01
5.962541270635317581e-01
6.037560780390195392e-01
6.112580290145073203e-01
6.187599799899949904e-01
6.262619309654827715e-01
6.337638819409705526e-01
6.412658329164582227e-01
6.487677838919460038e-01
6.562697348674337849e-01
6.637716858429214550e-01
6.712736368184092361e-01
6.787755877938970173e-01
6.862775387693846874e-01
6.937794897448724685e-01
7.012814407203602496e-01
7.087833916958479197e-01
7.162853426713357008e-01
7.237872936468234819e-01
7.312892446223111520e-01
7.387911955977989331e-01
7.462931465732867142e-01
7.537950975487743843e-01
7.612970485242621654e-01
7.687989994997499466e-01
7.763009504752376166e-01
7.838029014507253978e-01
7.913048524262131789e-01
7.988068034017008490e-01
8.063087543771886301e-01
8.138107053526764112e-01
8.213126563281640813e-01
8.288146073036518624e-01
8.363165582791396435e-01
8.438185092546273136e-01
8.513204602301150947e-01
8.588224112056028758e-01
8.663243621810905459e-01
8.738263131565783270e-01
8.813282641320661082e-01
8.888302151075537783e-01
8.963321660830415594e-01
9.038341170585293405e-01
9.113360680340170106e-01
9.188380190095047917e-01
9.263399699849925728e-01
9.338419209604802429e-01
9.413438719359680240e-01
9.488458229114558051e-01
9.563477738869434752e-01
9.638497248624312563e-01
9.713516758379190374e-01
9.788536268134067075e-01
9.863555777888944887e-01
9.938575287643822698e-01
1.001359479739869940e+00
1.008861430715357610e+00
1.016363381690845502e+00
1.023865332666333172e+00
1.031367283641820842e+00
1.038869234617308734e+00
1.046371185592796405e+00
1.053873136568284075e+00
1.061375087543771967e+00
1.068877038519259637e+00
1.076378989494747307e+00
1.083880940470235199e+00
1.091382891445722869e+00
1.098884842421210539e+00
1.106386793396698431e+00
1.113888744372186101e+00
1.121390695347673772e+00
1.128892646323161664e+00
1.136394597298649334e+00
1.143896548274137004e+00
1.151398499249624896e+00
1.158900450225112566e+00
1.166402401200600236e+00
1.173904352176088128e+00
1.181406303151575798e+00
1.188908254127063469e+00
1.196410205102551361e+00
1.203912156078039031e+00
1.211414107053526701e+00
1.218916058029014593e+00
1.226418009004502263e+00
1.233919959979989933e+00
1.241421910955477825e+00
1.248923861930965495e+00
1.256425812906453165e+00
1.263927763881941058e+00
1.271429714857428728e+00
1.278931665832916398e+00
1.286433616808404290e+00
1.293935567783891960e+00
1.301437518759379630e+00
1.308939469734867522e+00
1.316441420710355192e+00
1.323943371685842862e+00
1.331445322661330755e+00
1.338947273636818425e+00
1.346449224612306095e+00
1.353951175587793987e+00
1.361453126563281657e+00
1.368955077538769327e+00
1.376457028514257219e+00
1.383958979489744889e+00
1.391460930465232559e+00
1.398962881440720452e+00
1.406464832416208122e+00
1.413966783391695792e+00
1.421468734367183684e+00
1.428970685342671354e+00
1.436472636318159024e+00
1.443974587293646916e+00
1.451476538269134586e+00
1.458978489244622256e+00
1.466480440220110149e+00
1.473982391195597819e+00
1.481484342171085489e+00
1.488986293146573381e+00
1.496488244122061051e+00
1.503990195097548721e+00
1.511492146073036613e+00
1.518994097048524283e+00
1.526496048024011953e+00
1.533997998999499845e+00
1.541499949974987516e+00
1.549001900950475186e+00
1.556503851925963078e+00
1.564005802901450748e+00
1.571507753876938418e+00
1.579009704852426310e+00
1.586511655827913980e+00
1.594013606803401650e+00
1.601515557778889542e+00
1.609017508754377213e+00
1.616519459729864883e+00
1.624021410705352775e+00
1.631523361680840445e+00
1.639025312656328115e+00
1.646527263631816007e+00
1.654029214607303677e+00
1.661531165582791347e+00
1.669033116558279239e+00
1.676535067533766910e+00
1.684037018509254580e+00
1.691538969484742472e+00
1.699040920460230142e+00
1.706542871435717812e+00
1.714044822411205704e+00
1.721546773386693374e+00
1.729048724362181044e+00
1.736550675337668936e+00
1.744052626313156606e+00
1.751554577288644277e+00
1.759056528264132169e+00
1.766558479239619839e+00
1.774060430215107509e+00
1.781562381190595401e+00
1.789064332166083071e+00
1.796566283141570741e+00
1.804068234117058633e+00
1.811570185092546303e+00
1.819072136068033974e+00
1.826574087043521866e+00
1.834076038019009536e+00
1.841577988994497206e+00
1.849079939969985098e+00
1.856581890945472768e+00
1.864083841920960438e+00
1.871585792896448330e+00
1.879087743871936000e+00
1.886589694847423671e+00
1.894091645822911563e+00
1.901593596798399233e+00
1.909095547773886903e+00
1.916597498749374795e+00
1.924099449724862465e+00
1.931601400700350135e+00
1.939103351675838027e+00
1.946605302651325697e+00
1.954107253626813367e+00
1.961609204602301260e+00
1.969111155577788930e+00
1.976613106553276600e+00
1.984115057528764492e+00
1.991617008504252162e+00
1.999118959479739832e+00
2.006620910455227502e+00
2.014122861430715172e+00
2.021624812406203286e+00
2.029126763381690957e+00
2.036628714357178627e+00
2.044130665332666297e+00
2.051632616308153967e+00
2.059134567283641637e+00
2.066636518259129751e+00
2.074138469234617421e+00
2.081640420210105091e+00
2.089142371185592761e+00
2.096644322161080431e+00
2.104146273136568102e+00
2.111648224112056216e+00
2.119150175087543886e+00
2.126652126063031556e+00
2.134154077038519226e+00
2.141656028014006896e+00
2.149157978989494566e+00
2.156659929964982680e+00
2.164161880940470351e+00
2.171663831915958021e+00
2.179165782891445691e+00
2.186667733866933361e+00
2.194169684842421031e+00
2.201671635817909145e+00
2.209173586793396815e+00
2.216675537768884485e+00
2.224177488744372155e+00
2.231679439719859825e+00
2.239181390695347496e+00
2.246683341670835610e+00
2.254185292646323280e+00
2.261687243621810950e+00
2.269189194597298620e+00
2.276691145572786290e+00
2.284193096548273960e+00
2.291695047523762074e+00
2.299196998499249744e+00
2.306698949474737415e+00
2.314200900450225085e+00
2.321702851425712755e+00
2.329204802401200425e+00
2.336706753376688539e+00
2.344208704352176209e+00
2.351710655327663879e+00
2.359212606303151549e+00
2.366714557278639219e+00
2.374216508254126889e+00
2.381718459229615004e+00
2.389220410205102674e+00
2.396722361180590344e+00
2.404224312156078014e+00
2.411726263131565684e+00
2.419228214107053354e+00
2.426730165082541468e+00
2.434232116058029138e+00
2.441734067033516808e+00
2.449236018009004479e+00
2.456737968984492149e+00
2.464239919959979819e+00
2.471741870935467933e+00
2.479243821910955603e+00
2.486745772886443273e+00
2.494247723861930943e+00
2.501749674837418613e+00
2.509251625812906283e+00
2.516753576788394398e+00
2.524255527763882068e+00
2.531757478739369738e+00
2.539259429714857408e+00
2.546761380690345078e+00
2.554263331665832748e+00
2.561765282641320862e+00
2.569267233616808532e+00
2.576769184592296202e+00
2.584271135567783872e+00
2.591773086543271543e+00
2.599275037518759213e+00
2.606776988494247327e+00
2.614278939469734997e+00
2.621780890445222667e+00
2.629282841420710337e+00
2.636784792396198007e+00
2.644286743371685677e+00
2.651788694347173791e+00
2.659290645322661462e+00
2.666792596298149132e+00
2.674294547273636802e+00
2.681796498249124472e+00
2.689298449224612142e+00
2.696800400200100256e+00
2.704302351175587926e+00
2.711804302151075596e+00
2.719306253126563266e+00
2.726808204102050937e+00
2.734310155077538607e+00
2.741812106053026721e+00
2.749314057028514391e+00
2.756816008004002061e+00
2.764317958979489731e+00
2.771819909954977401e+00
2.779321860930465071e+00
2.786823811905953185e+00
2.794325762881440856e+00
2.801827713856928526e+00
2.809329664832416196e+00
2.816831615807903866e+00
2.824333566783391536e+00
2.831835517758879650e+00
2.839337468734367320e+00
2.846839419709854990e+00
2.854341370685342660e+00
2.861843321660830330e+00
2.869345272636318001e+00
2.876847223611806115e+00
2.884349174587293785e+00
2.891851125562781455e+00
2.899353076538269125e+00
2.906855027513756795e+00
2.914356978489244465e+00
2.921858929464732579e+00
2.929360880440220249e+00
2.936862831415707920e+00
2.944364782391195590e+00
2.951866733366683260e+00
2.959368684342170930e+00
2.966870635317659044e+00
2.974372586293146714e+00
2.981874537268634384e+00
2.989376488244122054e+00
2.996878439219609724e+00
3.004380390195097394e+00
3.011882341170585509e+00
3.019384292146073179e+00
3.026886243121560849e+00
3.034388194097048519e+00
3.041890145072536189e+00
3.049392096048023859e+00
3.056894047023511973e+00
3.064395997998999643e+00
3.071897948974487313e+00
3.079399899949974984e+00
3.086901850925462654e+00
3.094403801900950324e+00
3.101905752876438438e+00
3.109407703851926108e+00
3.116909654827413778e+00
3.124411605802901448e+00
3.131913556778389118e+00
3.139415507753876788e+00
3.146917458729364903e+00
3.154419409704852573e+00
3.161921360680340243e+00
3.169423311655827913e+00
3.176925262631315583e+00
3.184427213606803253e+00
3.191929164582291367e+00
3.199431115557779037e+00
3.206933066533266707e+00
3.214435017508754378e+00
3.221936968484242048e+00
3.229438919459729718e+00
3.236940870435217832e+00
3.244442821410705502e+00
3.251944772386193172e+00
3.259446723361680842e+00
3.266948674337168512e+00
3.274450625312656182e+00
3.281952576288144297e+00
3.289454527263631967e+00
3.296956478239119637e+00
3.304458429214607307e+00
3.311960380190094977e+00
3.319462331165582647e+00
3.326964282141070761e+00
3.334466233116558431e+00
3.341968184092046101e+00
3.349470135067533771e+00
3.356972086043021442e+00
3.364474037018509112e+00
3.371975987993997226e+00
3.379477938969484896e+00
3.386979889944972566e+00
3.394481840920460236e+00
3.401983791895947906e+00
3.409485742871435576e+00
3.416987693846923690e+00
3.424489644822411361e+00
3.431991595797899031e+00
3.439493546773386701e+00
3.446995497748874371e+00
3.454497448724362041e+00
3.461999399699850155e+00
3.469501350675337825e+00
3.477003301650825495e+00
3.484505252626313165e+00
3.492007203601800835e+00
3.499509154577288506e+00
3.507011105552776620e+00
3.514513056528264290e+00
3.522015007503751960e+00
3.529516958479239630e+00
3.537018909454727300e+00
3.544520860430214970e+00
3.552022811405703084e+00
3.559524762381190754e+00
3.567026713356678425e+00
3.574528664332166095e+00
3.582030615307653765e+00
3.589532566283141435e+00
3.597034517258629549e+00
3.604536468234117219e+00
3.612038419209604889e+00
3.619540370185092559e+00
3.627042321160580229e+00
3.634544272136067899e+00
3.642046223111556014e+00
3.649548174087043684e+00
3.657050125062531354e+00
3.664552076038019024e+00
3.672054027013506694e+00
3.679555977988994364e+00
3.687057928964482478e+00
3.694559879939970148e+00
3.702061830915457818e+00
3.709563781890945489e+00
3.717065732866433159e+00
3.724567683841920829e+00
3.732069634817408943e+00
3.739571585792896613e+00
3.747073536768384283e+00
3.754575487743871953e+00
3.762077438719359623e+00
3.769579389694847293e+00
3.777081340670335408e+00
3.784583291645823078e+00
3.792085242621310748e+00
3.799587193596798418e+00
3.807089144572286088e+00
3.814591095547773758e+00
3.822093046523261872e+00
3.829594997498749542e+00
3.837096948474237212e+00
3.844598899449724883e+00
3.852100850425212553e+00
3.859602801400700223e+00
3.867104752376187893e+00
3.874606703351676007e+00
3.882108654327163677e+00
3.889610605302651347e+00
3.897112556278139017e+00
3.904614507253626687e+00
3.912116458229114357e+00
3.919618409204602472e+00
3.927120360180090142e+00
3.934622311155577812e+00
3.942124262131065482e+00
3.949626213106553152e+00
3.957128164082040822e+00
3.964630115057528936e+00
3.972132066033016606e+00
3.979634017008504276e+00
3.987135967983991947e+00
3.994637918959479617e+00
4.002139869934967287e+00
4.009641820910454513e+00
4.017143771885942627e+00
4.024645722861429853e+00
4.032147673836917967e+00
4.039649624812406081e+00
4.047151575787893307e+00
4.054653526763381421e+00
4.062155477738868647e+00
4.069657428714356762e+00
4.077159379689844876e+00
4.084661330665332102e+00
4.092163281640820216e+00
4.099665232616307442e+00
4.107167183591795556e+00
4.114669134567282782e+00
4.122171085542770896e+00
4.129673036518259011e+00
4.137174987493746237e+00
4.144676938469234351e+00
4.152178889444721577e+00
4.159680840420209691e+00
4.167182791395697805e+00
4.174684742371185031e+00
4.182186693346673145e+00
4.189688644322160371e+00
4.197190595297648485e+00
4.204692546273135711e+00
4.212194497248623826e+00
4.219696448224111940e+00
4.227198399199599166e+00
4.234700350175087280e+00
4.242202301150574506e+00
4.249704252126062620e+00
4.257206203101550734e+00
4.264708154077037960e+00
4.272210105052526075e+00
4.279712056028013301e+00
4.287214007003501415e+00
4.294715957978988641e+00
4.302217908954476755e+00
4.309719859929964869e+00
4.317221810905452095e+00
4.324723761880940209e+00
4.332225712856427435e+00
4.339727663831915550e+00
4.347229614807403664e+00
4.354731565782890890e+00
4.362233516758379004e+00
4.369735467733866230e+00
4.377237418709354344e+00
4.384739369684841570e+00
4.392241320660329684e+00
4.399743271635817798e+00
4.407245222611305024e+00
4.414747173586793139e+00
4.422249124562280365e+00
4.429751075537768479e+00
4.437253026513256593e+00
4.444754977488743819e+00
4.452256928464231933e+00
4.459758879439719159e+00
4.467260830415207273e+00
4.474762781390694499e+00
4.482264732366182614e+00
4.489766683341670728e+00
4.497268634317157954e+00
4.504770585292646068e+00
4.512272536268133294e+00
4.519774487243621408e+00
4.527276438219109522e+00
4.534778389194596748e+00
4.542280340170084862e+00
4.549782291145572088e+00
4.557284242121060203e+00
4.564786193096547429e+00
4.572288144072035543e+00
4.579790095047523657e+00
4.587292046023010883e+00
4.594793996998498997e+00
4.602295947973986223e+00
4.609797898949474337e+00
4.617299849924962452e+00
4.624801800900449678e+00
4.632303751875937792e+00
4.639805702851425018e+00
4.647307653826913132e+00
4.654809604802400358e+00
4.662311555777888472e+00
4.669813506753376586e+00
4.677315457728863812e+00
4.684817408704351926e+00
4.692319359679839152e+00
4.699821310655327267e+00
4.707323261630815381e+00
4.714825212606302607e+00
4.722327163581790721e+00
4.729829114557277947e+00
4.737331065532766061e+00
4.744833016508253287e+00
4.752334967483741401e+00
4.759836918459229516e+00
4.767338869434716742e+00
4.774840820410204856e+00
4.782342771385692082e+00
4.789844722361180196e+00
4.797346673336668310e+00
4.804848624312155536e+00
4.812350575287643650e+00
4.819852526263130876e+00
4.827354477238618990e+00
4.834856428214106217e+00
4.842358379189594331e+00
4.849860330165082445e+00
4.857362281140569671e+00
4.864864232116057785e+00
4.872366183091545011e+00
4.879868134067033125e+00
4.887370085042521239e+00
4.894872036018008465e+00
4.902373986993496580e+00
4.909875937968983806e+00
4.917377888944471920e+00
4.924879839919959146e+00
4.932381790895447260e+00
4.939883741870935374e+00
4.947385692846422600e+00
4.954887643821910714e+00
4.962389594797397940e+00
4.969891545772886055e+00
4.977393496748374169e+00
4.984895447723861395e+00
4.992397398699349509e+00
4.999899349674836735e+00
5.007401300650324849e+00
5.014903251625812075e+00
5.022405202601300189e+00
5.029907153576788303e+00
5.037409104552275529e+00
5.044911055527763644e+00
5.052413006503250870e+00
5.059914957478738984e+00
5.067416908454227098e+00
5.074918859429714324e+00
5.082420810405202438e+00
5.089922761380689664e+00
5.097424712356177778e+00
5.104926663331665004e+00
5.112428614307153119e+00
5.119930565282641233e+00
5.127432516258128459e+00
5.134934467233616573e+00
5.142436418209103799e+00
5.149938369184591913e+00
5.157440320160080027e+00
5.164942271135567253e+00
5.172444222111055367e+00
5.179946173086542593e+00
5.187448124062030708e+00
5.194950075037517934e+00
5.202452026013006048e+00
5.209953976988494162e+00
5.217455927963981388e+00
5.224957878939469502e+00
5.232459829914956728e+00
5.239961780890444842e+00
5.247463731865932957e+00
5.254965682841420183e+00
5.262467633816908297e+00
5.269969584792395523e+00
5.277471535767883637e+00
5.284973486743370863e+00
5.292475437718858977e+00
5.299977388694347091e+00
5.307479339669834317e+00
5.314981290645322431e+00
5.322483241620809657e+00
5.329985192596297772e+00
5.337487143571785886e+00
5.344989094547273112e+00
5.352491045522761226e+00
5.359992996498248452e+00
5.367494947473736566e+00
5.374996898449223792e+00
5.382498849424711906e+00
5.390000800400200021e+00
5.397502751375687247e+00
5.405004702351175361e+00
5.412506653326662587e+00
5.420008604302150701e+00
5.427510555277638815e+00
5.435012506253126041e+00
5.442514457228614155e+00
5.450016408204101381e+00
5.457518359179589496e+00
5.465020310155076722e+00
5.472522261130564836e+00
5.480024212106052950e+00
5.487526163081540176e+00
5.495028114057028290e+00
5.502530065032515516e+00
5.510032016008003630e+00
5.517533966983491744e+00
5.525035917958978970e+00
5.532537868934467085e+00
5.540039819909954311e+00
5.547541770885442425e+00
5.555043721860929651e+00
5.562545672836417765e+00
5.570047623811905879e+00
5.577549574787393105e+00
5.585051525762881219e+00
5.592553476738368445e+00
5.600055427713856560e+00
5.607557378689344674e+00
5.615059329664831900e+00
5.622561280640320014e+00
5.630063231615807240e+00
5.637565182591295354e+00
5.645067133566782580e+00
5.652569084542270694e+00
5.660071035517758808e+00
5.667572986493246034e+00
5.675074937468734149e+00
5.682576888444221375e+00
5.690078839419709489e+00
5.697580790395197603e+00
5.705082741370684829e+00
5.712584692346172943e+00
5.720086643321660169e+00
5.727588594297148283e+00
5.735090545272635509e+00
5.742592496248123624e+00
5.750094447223611738e+00
5.757596398199098964e+00
5.765098349174587078e+00
5.772600300150074304e+00
5.780102251125562418e+00
5.787604202101049644e+00
5.795106153076537758e+00
5.802608104052025872e+00
5.810110055027513098e+00
5.817612006003001213e+00
5.825113956978488439e+00
5.832615907953976553e+00
5.840117858929464667e+00
5.847619809904951893e+00
5.855121760880440007e+00
5.862623711855927233e+00
5.870125662831415347e+00
5.877627613806902573e+00
5.885129564782390688e+00
5.892631515757878802e+00
5.900133466733366028e+00
5.907635417708854142e+00
5.915137368684341368e+00
5.922639319659829482e+00
5.930141270635317596e+00
5.937643221610804822e+00
5.945145172586292937e+00
5.952647123561780163e+00
5.960149074537268277e+00
5.967651025512755503e+00
5.975152976488243617e+00
5.982654927463731731e+00
5.990156878439218957e+00
5.997658829414707071e+00
6.005160780390194297e+00
6.012662731365682411e+00
6.020164682341170526e+00
6.027666633316657752e+00
6.035168584292145866e+00
6.042670535267633092e+00
6.050172486243121206e+00
6.057674437218608432e+00
6.065176388194096546e+00
6.072678339169584660e+00
6.080180290145071886e+00
6.087682241120560001e+00
6.095184192096047227e+00
6.102686143071535341e+00
6.110188094047023455e+00
6.117690045022510681e+00
6.125191995997998795e+00
6.132693946973486021e+00
6.140195897948974135e+00
6.147697848924461361e+00
6.155199799899949475e+00
6.162701750875437590e+00
6.170203701850924816e+00
6.177705652826412930e+00
6.185207603801900156e+00
6.192709554777388270e+00
6.200211505752876384e+00
6.207713456728363610e+00
6.215215407703851724e+00
6.222717358679338950e+00
6.230219309654827065e+00
6.237721260630314291e+00
6.245223211605802405e+00
6.252725162581290519e+00
6.260227113556777745e+00
6.267729064532265859e+00
6.275231015507753085e+00
6.282732966483241199e+00
6.290234917458729313e+00
6.297736868434216539e+00
6.305238819409704654e+00
6.312740770385191880e+00
6.320242721360679994e+00
6.327744672336167220e+00
6.335246623311655334e+00
6.342748574287143448e+00
6.350250525262630674e+00
6.357752476238118788e+00
6.365254427213606014e+00
6.372756378189094129e+00
6.380258329164582243e+00
6.387760280140069469e+00
6.395262231115557583e+00
6.402764182091044809e+00
6.410266133066532923e+00
6.417768084042020149e+00
6.425270035017508263e+00
6.432771985992996377e+00
6.440273936968483603e+00
6.447775887943971718e+00
6.455277838919458944e+00
6.462779789894947058e+00
6.470281740870435172e+00
6.477783691845922398e+00
6.485285642821410512e+00
6.492787593796897738e+00
6.500289544772385852e+00
6.507791495747873078e+00
6.515293446723361193e+00
6.522795397698849307e+00
6.530297348674336533e+00
6.537799299649824647e+00
6.545301250625311873e+00
6.552803201600799987e+00
6.560305152576288101e+00
6.567807103551775327e+00
6.575309054527263442e+00
6.582811005502750668e+00
6.590312956478238782e+00
6.597814907453726008e+00
6.605316858429214122e+00
6.612818809404702236e+00
6.620320760380189462e+00
6.627822711355677576e+00
6.635324662331164802e+00
6.642826613306652916e+00
6.650328564282141031e+00
6.657830515257628257e+00
6.665332466233116371e+00
6.672834417208603597e+00
6.680336368184091711e+00
6.687838319159578937e+00
6.695340270135067051e+00
6.702842221110555165e+00
6.710344172086042391e+00
6.717846123061530506e+00
6.725348074037017732e+00
6.732850025012505846e+00
6.740351975987993960e+00
6.747853926963481186e+00
6.755355877938969300e+00
6.762857828914456526e+00
6.770359779889944640e+00
6.777861730865431866e+00
6.785363681840919980e+00
6.792865632816408095e+00
6.800367583791895321e+00
6.807869534767383435e+00
6.815371485742870661e+00
6.822873436718358775e+00
6.830375387693846889e+00
6.837877338669334115e+00
6.845379289644822229e+00
6.852881240620309455e+00
6.860383191595797570e+00
6.867885142571284796e+00
6.875387093546772910e+00
6.882889044522261024e+00
6.890390995497748250e+00
6.897892946473236364e+00
6.905394897448723590e+00
6.912896848424211704e+00
6.920398799399699818e+00
6.927900750375187044e+00
6.935402701350675159e+00
6.942904652326162385e+00
6.950406603301650499e+00
6.957908554277137725e+00
6.965410505252625839e+00
6.972912456228113953e+00
6.980414407203601179e+00
6.987916358179089293e+00
6.995418309154576519e+00
7.002920260130064634e+00
7.010422211105552748e+00
7.017924162081039974e+00
7.025426113056528088e+00
7.032928064032015314e+00
7.040430015007503428e+00
7.047931965982990654e+00
7.055433916958478768e+00
7.062935867933966883e+00
7.070437818909454109e+00
7.077939769884942223e+00
7.085441720860429449e+00
7.092943671835917563e+00
7.100445622811405677e+00
7.107947573786892903e+00
7.115449524762381017e+00
7.122951475737868243e+00
7.130453426713356357e+00
7.137955377688843583e+00
7.145457328664331698e+00
7.152959279639819812e+00
7.160461230615307038e+00
7.167963181590795152e+00
7.175465132566282378e+00
7.182967083541770492e+00
7.190469034517258606e+00
7.197970985492745832e+00
7.205472936468233947e+00
7.212974887443721173e+00
7.220476838419209287e+00
7.227978789394696513e+00
7.235480740370184627e+00
7.242982691345672741e+00
7.250484642321159967e+00
7.257986593296648081e+00
7.265488544272135307e+00
7.272990495247623421e+00
7.280492446223111536e+00
7.287994397198598762e+00
7.295496348174086876e+00
7.302998299149574102e+00
7.310500250125062216e+00
7.318002201100549442e+00
7.325504152076037556e+00
7.333006103051525670e+00
7.340508054027012896e+00
7.348010005002501011e+00
7.355511955977988237e+00
7.363013906953476351e+00
7.370515857928964465e+00
7.378017808904451691e+00
7.385519759879939805e+00
7.393021710855427031e+00
7.400523661830915145e+00
7.408025612806402371e+00
7.415527563781890485e+00
7.423029514757378600e+00
7.430531465732865826e+00
7.438033416708353940e+00
7.445535367683841166e+00
7.453037318659329280e+00
7.460539269634817394e+00
7.468041220610304620e+00
7.475543171585792734e+00
7.483045122561279960e+00
7.490547073536768075e+00
7.498049024512255301e+00
7.505550975487743415e+00
7.513052926463231529e+00
7.520554877438718755e+00
7.528056828414206869e+00
7.535558779389694095e+00
7.543060730365182209e+00
7.550562681340670323e+00
7.558064632316157549e+00
7.565566583291645664e+00
7.573068534267132890e+00
7.580570485242621004e+00
7.588072436218108230e+00
7.595574387193596344e+00
7.603076338169084458e+00
7.610578289144571684e+00
7.618080240120059798e+00
7.625582191095547024e+00
7.633084142071035139e+00
7.640586093046523253e+00
7.648088044022010479e+00
7.655589994997498593e+00
7.663091945972985819e+00
7.670593896948473933e+00
7.678095847923961159e+00
7.685597798899449273e+00
7.693099749874937388e+00
7.700601700850424614e+00
7.708103651825912728e+00
7.715605602801399954e+00
7.723107553776888068e+00
7.730609504752375294e+00
7.738111455727863408e+00
7.745613406703351522e+00
7.753115357678838748e+00
7.760617308654326862e+00
7.768119259629814088e+00
7.775621210605302203e+00
7.783123161580790317e+00
7.790625112556277543e+00
7.798127063531765657e+00
7.805629014507252883e+00
7.813130965482740997e+00
7.820632916458228223e+00
7.828134867433716337e+00
7.835636818409204452e+00
7.843138769384691678e+00
7.850640720360179792e+00
7.858142671335667018e+00
7.865644622311155132e+00
7.873146573286643246e+00
7.880648524262130472e+00
7.888150475237618586e+00
7.895652426213105812e+00
7.903154377188593926e+00
7.910656328164081152e+00
7.918158279139569267e+00
7.925660230115057381e+00
7.933162181090544607e+00
7.940664132066032721e+00
7.948166083041519947e+00
7.955668034017008061e+00
7.963169984992496175e+00
7.970671935967983401e+00
7.978173886943471516e+00
7.985675837918958742e+00
7.993177788894446856e+00
8.000679739869934082e+00
8.008181690845423972e+00
8.015683641820910310e+00
8.023185592796398424e+00
8.030687543771886538e+00
8.038189494747374653e+00
8.045691445722860990e+00
8.053193396698349105e+00
8.060695347673837219e+00
8.068197298649325333e+00
8.075699249624813447e+00
8.083201200600299785e+00
8.090703151575787899e+00
8.098205102551276013e+00
8.105707053526764128e+00
8.113209004502252242e+00
8.120710955477738580e+00
8.128212906453226694e+00
8.135714857428714808e+00
8.143216808404202922e+00
8.150718759379691036e+00
8.158220710355177374e+00
8.165722661330665488e+00
8.173224612306153603e+00
8.180726563281641717e+00
8.188228514257129831e+00
8.195730465232616169e+00
8.203232416208104283e+00
8.210734367183592397e+00
8.218236318159080511e+00
8.225738269134566849e+00
8.233240220110054963e+00
8.240742171085543077e+00
8.248244122061031192e+00
8.255746073036519306e+00
8.263248024012005644e+00
8.270749974987493758e+00
8.278251925962981872e+00
8.285753876938469986e+00
8.293255827913958100e+00
8.300757778889444438e+00
8.308259729864932552e+00
8.315761680840420667e+00
8.323263631815908781e+00
8.330765582791396895e+00
8.338267533766883233e+00
8.345769484742371347e+00
8.353271435717859461e+00
8.360773386693347575e+00
8.368275337668835689e+00
8.375777288644322027e+00
8.383279239619810141e+00
8.390781190595298256e+00
8.398283141570786370e+00
8.405785092546272708e+00
8.413287043521760822e+00
8.420788994497248936e+00
8.428290945472737050e+00
8.435792896448225164e+00
8.443294847423711502e+00
8.450796798399199616e+00
8.458298749374687731e+00
8.465800700350175845e+00
8.473302651325663959e+00
8.480804602301150297e+00
8.488306553276638411e+00
8.495808504252126525e+00
8.503310455227614639e+00
8.510812406203102753e+00
8.518314357178589091e+00
8.525816308154077205e+00
8.533318259129565320e+00
8.540820210105053434e+00
8.548322161080541548e+00
8.555824112056027886e+00
8.563326063031516000e+00
8.570828014007004114e+00
8.578329964982492228e+00
8.585831915957978566e+00
8.593333866933466680e+00
8.600835817908954795e+00
8.608337768884442909e+00
8.615839719859931023e+00
8.623341670835417361e+00
8.630843621810905475e+00
8.638345572786393589e+00
8.645847523761881703e+00
8.653349474737369817e+00
8.660851425712856155e+00
8.668353376688344269e+00
8.675855327663832384e+00
8.683357278639320498e+00
8.690859229614808612e+00
8.698361180590294950e+00
8.705863131565783064e+00
8.713365082541271178e+00
8.720867033516759292e+00
8.728368984492247407e+00
8.735870935467733744e+00
8.743372886443221859e+00
8.750874837418709973e+00
8.758376788394198087e+00
8.765878739369684425e+00
8.773380690345172539e+00
8.780882641320660653e+00
8.788384592296148767e+00
8.795886543271636882e+00
8.803388494247123219e+00
8.810890445222611334e+00
8.818392396198099448e+00
8.825894347173587562e+00
8.833396298149075676e+00
8.840898249124562014e+00
8.848400200100050128e+00
8.855902151075538242e+00
8.863404102051026356e+00
8.870906053026514471e+00
8.878408004002000808e+00
8.885909954977488923e+00
8.893411905952977037e+00
8.900913856928465151e+00
8.908415807903953265e+00
8.915917758879439603e+00
8.923419709854927717e+00
8.930921660830415831e+00
8.938423611805903946e+00
8.945925562781390283e+00
8.953427513756878398e+00
8.960929464732366512e+00
8.968431415707854626e+00
8.975933366683342740e+00
8.983435317658829078e+00
8.990937268634317192e+00
8.998439219609805306e+00
9.005941170585293420e+00
9.013443121560781535e+00
9.020945072536267872e+00
9.028447023511755987e+00
9.035948974487244101e+00
9.043450925462732215e+00
9.050952876438220329e+00
9.058454827413706667e+00
9.065956778389194781e+00
9.073458729364682895e+00
9.080960680340171010e+00
9.088462631315659124e+00
9.095964582291145462e+00
9.103466533266633576e+00
9.110968484242121690e+00
9.118470435217609804e+00
9.125972386193096142e+00
9.133474337168584256e+00
9.140976288144072370e+00
9.148478239119560484e+00
9.155980190095048599e+00
9.163482141070534936e+00
9.170984092046023051e+00
9.178486043021511165e+00
9.185987993996999279e+00
9.193489944972487393e+00
9.200991895947973731e+00
9.208493846923461845e+00
9.215995797898949959e+00
9.223497748874438074e+00
9.230999699849926188e+00
9.238501650825412526e+00
9.246003601800900640e+00
9.253505552776388754e+00
9.261007503751876868e+00
9.268509454727364982e+00
9.276011405702851320e+00
9.283513356678339434e+00
9.291015307653827549e+00
9.298517258629315663e+00
9.306019209604802001e+00
9.313521160580290115e+00
9.321023111555778229e+00
9.328525062531266343e+00
9.336027013506754457e+00
9.343528964482240795e+00
9.351030915457728909e+00
9.358532866433217023e+00
9.366034817408705138e+00
9.373536768384193252e+00
9.381038719359679590e+00
9.388540670335167704e+00
9.396042621310655818e+00
9.403544572286143932e+00
9.411046523261632046e+00
9.418548474237118384e+00
9.426050425212606498e+00
9.433552376188094613e+00
9.441054327163582727e+00
9.448556278139070841e+00
9.456058229114557179e+00
9.463560180090045293e+00
9.471062131065533407e+00
9.478564082041021521e+00
9.486066033016507859e+00
9.493567983991995973e+00
9.501069934967484087e+00
9.508571885942972202e+00
9.516073836918460316e+00
9.523575787893946654e+00
9.531077738869434768e+00
9.538579689844922882e+00
9.546081640820410996e+00
9.553583591795899110e+00
9.561085542771385448e+00
9.568587493746873562e+00
9.576089444722361677e+00
9.583591395697849791e+00
9.591093346673337905e+00
9.598595297648824243e+00
9.606097248624312357e+00
9.613599199599800471e+00
9.621101150575288585e+00
9.628603101550774923e+00
9.636105052526263037e+00
9.643607003501751151e+00
9.651108954477239266e+00
9.658610905452727380e+00
9.666112856428213718e+00
9.673614807403701832e+00
9.681116758379189946e+00
9.688618709354678060e+00
9.696120660330166174e+00
9.703622611305652512e+00
9.711124562281140626e+00
9.718626513256628741e+00
9.726128464232116855e+00
9.733630415207604969e+00
9.741132366183091307e+00
9.748634317158579421e+00
9.756136268134067535e+00
9.763638219109555649e+00
9.771140170085043763e+00
9.778642121060530101e+00
9.786144072036018215e+00
9.793646023011506330e+00
9.801147973986994444e+00
9.808649924962480782e+00
9.816151875937968896e+00
9.823653826913457010e+00
9.831155777888945124e+00
9.838657728864433238e+00
9.846159679839919576e+00
9.853661630815407690e+00
9.861163581790895805e+00
9.868665532766383919e+00
9.876167483741872033e+00
9.883669434717358371e+00
9.891171385692846485e+00
9.898673336668334599e+00
9.906175287643822713e+00
9.913677238619310828e+00
9.921179189594797165e+00
9.928681140570285280e+00
9.936183091545773394e+00
9.943685042521261508e+00
9.951186993496749622e+00
9.958688944472235960e+00
9.966190895447724074e+00
9.973692846423212188e+00
9.981194797398700302e+00
9.988696748374186640e+00
9.996198699349674754e+00
1.000370065032516287e+01
1.001120260130065098e+01
1.001870455227613910e+01
1.002620650325162543e+01
1.003370845422711355e+01
1.004121040520260166e+01
1.004871235617808978e+01
1.005621430715357789e+01
1.006371625812906423e+01
1.007121820910455234e+01
1.007872016008004046e+01
1.008622211105552857e+01
1.009372406203101669e+01
1.010122601300650302e+01
1.010872796398199114e+01
1.011622991495747925e+01
1.012373186593296737e+01
1.013123381690845548e+01
1.013873576788394182e+01
1.014623771885942993e+01
1.015373966983491805e+01
1.016124162081040616e+01
1.016874357178589250e+01
1.017624552276138061e+01
1.018374747373686873e+01
1.019124942471235684e+01
1.019875137568784496e+01
1.020625332666333129e+01
1.021375527763881941e+01
1.022125722861430752e+01
1.022875917958979564e+01
1.023626113056528375e+01
1.024376308154077009e+01
1.025126503251625820e+01
1.025876698349174632e+01
1.026626893446723443e+01
1.027377088544272254e+01
1.028127283641820888e+01
1.028877478739369700e+01
1.029627673836918511e+01
1.030377868934467323e+01
1.031128064032016134e+01
1.031878259129564768e+01
1.032628454227113579e+01
1.033378649324662391e+01
1.034128844422211202e+01
1.034879039519759836e+01
1.035629234617308647e+01
1.036379429714857459e+01
1.037129624812406270e+01
1.037879819909955081e+01
1.038630015007503715e+01
1.039380210105052527e+01
1.040130405202601338e+01
1.040880600300150149e+01
1.041630795397698961e+01
1.042380990495247595e+01
1.043131185592796406e+01
1.043881380690345217e+01
1.044631575787894029e+01
1.045381770885442840e+01
1.046131965982991474e+01
1.046882161080540286e+01
1.047632356178089097e+01
1.048382551275637908e+01
1.049132746373186720e+01
1.049882941470735354e+01
1.050633136568284165e+01
1.051383331665832976e+01
1.052133526763381788e+01
1.052883721860930422e+01
1.053633916958479233e+01
1.054384112056028044e+01
1.055134307153576856e+01
1.055884502251125667e+01
1.056634697348674301e+01
1.057384892446223112e+01
1.058135087543771924e+01
1.058885282641320735e+01
1.059635477738869547e+01
1.060385672836418181e+01
1.061135867933966992e+01
1.061886063031515803e+01
1.062636258129064615e+01
1.063386453226613426e+01
1.064136648324162060e+01
1.064886843421710871e+01
1.065637038519259683e+01
1.066387233616808494e+01
1.067137428714357306e+01
1.067887623811905939e+01
1.068637818909454751e+01
1.069388014007003562e+01
1.070138209104552374e+01
1.070888404202101007e+01
1.071638599299649819e+01
1.072388794397198630e+01
1.073138989494747442e+01
1.073889184592296253e+01
1.074639379689844887e+01
1.075389574787393698e+01
1.076139769884942510e+01
1.076889964982491321e+01
1.077640160080040133e+01
1.078390355177588766e+01
1.079140550275137578e+01
1.079890745372686389e+01
1.080640940470235201e+01
1.081391135567784012e+01
1.082141330665332646e+01
1.082891525762881457e+01
1.083641720860430269e+01
1.084391915957979080e+01
1.085142111055527891e+01
1.085892306153076525e+01
1.086642501250625337e+01
1.087392696348174148e+01
1.088142891445722960e+01
1.088893086543271593e+01
1.089643281640820405e+01
1.090393476738369216e+01
1.091143671835918028e+01
1.091893866933466839e+01
1.092644062031015473e+01
1.093394257128564284e+01
1.094144452226113096e+01
1.094894647323661907e+01
1.095644842421210718e+01
1.096395037518759352e+01
1.097145232616308164e+01
1.097895427713856975e+01
1.098645622811405786e+01
1.099395817908954598e+01
1.100146013006503232e+01
1.100896208104052043e+01
1.101646403201600855e+01
1.102396598299149666e+01
1.103146793396698477e+01
1.103896988494247111e+01
1.104647183591795923e+01
1.105397378689344734e+01
1.106147573786893545e+01
1.106897768884442179e+01
1.107647963981990991e+01
1.108398159079539802e+01
1.109148354177088613e+01
1.109898549274637425e+01
1.110648744372186059e+01
1.111398939469734870e+01
1.112149134567283681e+01
1.112899329664832493e+01
1.113649524762381304e+01
1.114399719859929938e+01
1.115149914957478749e+01
1.115900110055027561e+01
1.116650305152576372e+01
1.117400500250125184e+01
1.118150695347673818e+01
1.118900890445222629e+01
1.119651085542771440e+01
1.120401280640320252e+01
1.121151475737869063e+01
1.121901670835417697e+01
1.122651865932966508e+01
1.123402061030515320e+01
1.124152256128064131e+01
1.124902451225612765e+01
1.125652646323161576e+01
1.126402841420710388e+01
1.127153036518259199e+01
1.127903231615808011e+01
1.128653426713356644e+01
1.129403621810905456e+01
1.130153816908454267e+01
1.130904012006003079e+01
1.131654207103551890e+01
1.132404402201100524e+01
1.133154597298649335e+01
1.133904792396198147e+01
1.134654987493746958e+01
1.135405182591295770e+01
1.136155377688844403e+01
1.136905572786393215e+01
1.137655767883942026e+01
1.138405962981490838e+01
1.139156158079039649e+01
1.139906353176588283e+01
1.140656548274137094e+01
1.141406743371685906e+01
1.142156938469234717e+01
1.142907133566783351e+01
1.143657328664332162e+01
1.144407523761880974e+01
1.145157718859429785e+01
1.145907913956978597e+01
1.146658109054527230e+01
1.147408304152076042e+01
1.148158499249624853e+01
1.148908694347173665e+01
1.149658889444722476e+01
1.150409084542271110e+01
1.151159279639819921e+01
1.151909474737368733e+01
1.152659669834917544e+01
1.153409864932466355e+01
1.154160060030014989e+01
1.154910255127563801e+01
1.155660450225112612e+01
1.156410645322661424e+01
1.157160840420210057e+01
1.157911035517758869e+01
1.158661230615307680e+01
1.159411425712856492e+01
1.160161620810405303e+01
1.160911815907953937e+01
1.161662011005502748e+01
1.162412206103051560e+01
1.163162401200600371e+01
1.163912596298149182e+01
1.164662791395697816e+01
1.165412986493246628e+01
1.166163181590795439e+01
1.166913376688344250e+01
1.167663571785893062e+01
1.168413766883441696e+01
1.169163961980990507e+01
1.169914157078539318e+01
1.170664352176088130e+01
1.171414547273636941e+01
1.172164742371185575e+01
1.172914937468734387e+01
1.173665132566283198e+01
1.174415327663832009e+01
1.175165522761380643e+01
1.175915717858929455e+01
1.176665912956478266e+01
1.177416108054027077e+01
1.178166303151575889e+01
1.178916498249124523e+01
1.179666693346673334e+01
1.180416888444222145e+01
1.181167083541770957e+01
1.181917278639319768e+01
1.182667473736868402e+01
1.183417668834417213e+01
1.184167863931966025e+01
1.184918059029514836e+01
1.185668254127063648e+01
1.186418449224612282e+01
1.187168644322161093e+01
1.187918839419709904e+01
1.188669034517258716e+01
1.189419229614807527e+01
1.190169424712356161e+01
1.190919619809904972e+01
1.191669814907453784e+01
1.192420010005002595e+01
1.193170205102551229e+01
1.193920400200100040e+01
1.194670595297648852e+01
1.195420790395197663e+01
1.196170985492746475e+01
1.196921180590295108e+01
1.197671375687843920e+01
1.198421570785392731e+01
1.199171765882941543e+01
1.199921960980490354e+01
1.200672156078038988e+01
1.201422351175587799e+01
1.202172546273136611e+01
1.202922741370685422e+01
1.203672936468234234e+01
1.204423131565782867e+01
1.205173326663331679e+01
1.205923521760880490e+01
1.206673716858429302e+01
1.207423911955978113e+01
1.208174107053526747e+01
1.208924302151075558e+01
1.209674497248624370e+01
1.210424692346173181e+01
1.211174887443721815e+01
1.211925082541270626e+01
1.212675277638819438e+01
1.213425472736368249e+01
1.214175667833917061e+01
1.214925862931465694e+01
1.215676058029014506e+01
1.216426253126563317e+01
1.217176448224112129e+01
1.217926643321660940e+01
1.218676838419209574e+01
1.219427033516758385e+01
1.220177228614307197e+01
1.220927423711856008e+01
1.221677618809404819e+01
1.222427813906953453e+01
1.223178009004502265e+01
1.223928204102051076e+01
1.224678399199599887e+01
1.225428594297148699e+01
1.226178789394697333e+01
1.226928984492246144e+01
1.227679179589794956e+01
1.228429374687343767e+01
1.229179569784892401e+01
1.229929764882441212e+01
1.230679959979990024e+01
1.231430155077538835e+01
1.232180350175087646e+01
1.232930545272636280e+01
1.233680740370185092e+01
1.234430935467733903e+01
1.235181130565282714e+01
1.235931325662831526e+01
1.236681520760380160e+01
1.237431715857928971e+01
1.238181910955477782e+01
1.238932106053026594e+01
1.239682301150575405e+01
1.240432496248124039e+01
1.241182691345672851e+01
1.241932886443221662e+01
1.242683081540770473e+01
1.243433276638319285e+01
1.244183471735867919e+01
1.244933666833416730e+01
1.245683861930965541e+01
1.246434057028514353e+01
1.247184252126062987e+01
1.247934447223611798e+01
1.248684642321160609e+01
1.249434837418709421e+01
1.250185032516258232e+01
1.250935227613806866e+01
1.251685422711355677e+01
1.252435617808904489e+01
1.253185812906453300e+01
1.253936008004002112e+01
1.254686203101550745e+01
1.255436398199099557e+01
1.256186593296648368e+01
1.256936788394197180e+01
1.257686983491745991e+01
1.258437178589294625e+01
1.259187373686843436e+01
1.259937568784392248e+01
1.260687763881941059e+01
1.261437958979489871e+01
1.262188154077038504e+01
1.262938349174587316e+01
1.263688544272136127e+01
1.264438739369684939e+01
1.265188934467233572e+01
1.265939129564782384e+01
1.266689324662331195e+01
1.267439519759880007e+01
1.268189714857428818e+01
1.268939909954977452e+01
1.269690105052526263e+01
1.270440300150075075e+01
1.271190495247623886e+01
1.271940690345172698e+01
1.272690885442721331e+01
1.273441080540270143e+01
1.274191275637818954e+01
1.274941470735367766e+01
1.275691665832916577e+01
1.276441860930465211e+01
1.277192056028014022e+01
1.277942251125562834e+01
1.278692446223111645e+01
1.279442641320660456e+01
1.280192836418209090e+01
1.280943031515757902e+01
1.281693226613306713e+01
1.282443421710855525e+01
1.283193616808404158e+01
1.283943811905952970e+01
1.284694007003501781e+01
1.285444202101050593e+01
1.286194397198599404e+01
1.286944592296148038e+01
1.287694787393696849e+01
1.288444982491245661e+01
1.289195177588794472e+01
1.289945372686343283e+01
1.290695567783891917e+01
1.291445762881440729e+01
1.292195957978989540e+01
1.292946153076538351e+01
1.293696348174087163e+01
1.294446543271635797e+01
1.295196738369184608e+01
1.295946933466733419e+01
1.296697128564282231e+01
1.297447323661831042e+01
1.298197518759379676e+01
1.298947713856928488e+01
1.299697908954477299e+01
1.300448104052026110e+01
1.301198299149574744e+01
1.301948494247123556e+01
1.302698689344672367e+01
1.303448884442221178e+01
1.304199079539769990e+01
1.304949274637318624e+01
1.305699469734867435e+01
1.306449664832416246e+01
1.307199859929965058e+01
1.307950055027513869e+01
1.308700250125062503e+01
1.309450445222611314e+01
1.310200640320160126e+01
1.310950835417708937e+01
1.311701030515257749e+01
1.312451225612806383e+01
1.313201420710355194e+01
1.313951615807904005e+01
1.314701810905452817e+01
1.315452006003001628e+01
1.316202201100550262e+01
1.316952396198099073e+01
1.317702591295647885e+01
1.318452786393196696e+01
1.319202981490745330e+01
1.319953176588294141e+01
1.320703371685842953e+01
1.321453566783391764e+01
1.322203761880940576e+01
1.322953956978489209e+01
1.323704152076038021e+01
1.324454347173586832e+01
1.325204542271135644e+01
1.325954737368684455e+01
1.326704932466233089e+01
1.327455127563781900e+01
1.328205322661330712e+01
1.328955517758879523e+01
1.329705712856428335e+01
1.330455907953976968e+01
1.331206103051525780e+01
1.331956298149074591e+01
1.332706493246623403e+01
1.333456688344172214e+01
1.334206883441720848e+01
1.334957078539269659e+01
1.335707273636818471e+01
1.336457468734367282e+01
1.337207663831915916e+01
1.337957858929464727e+01
1.338708054027013539e+01
1.339458249124562350e+01
1.340208444222111162e+01
1.340958639319659795e+01
1.341708834417208607e+01
1.342459029514757418e+01
1.343209224612306230e+01
1.343959419709855041e+01
1.344709614807403675e+01
1.345459809904952486e+01
1.346210005002501298e+01
1.346960200100050109e+01
1.347710395197598920e+01
1.348460590295147554e+01
1.349210785392696366e+01
1.349960980490245177e+01
1.350711175587793988e+01
1.351461370685342622e+01
1.352211565782891434e+01
1.352961760880440245e+01
1.353711955977989057e+01
1.354462151075537868e+01
1.355212346173086502e+01
1.355962541270635313e+01
1.356712736368184125e+01
1.357462931465732936e+01
1.358213126563281747e+01
1.358963321660830381e+01
1.359713516758379193e+01
1.360463711855928004e+01
1.361213906953476815e+01
1.361964102051025627e+01
1.362714297148574261e+01
1.363464492246123072e+01
1.364214687343671883e+01
1.364964882441220695e+01
1.365715077538769506e+01
1.366465272636318140e+01
1.367215467733866952e+01
1.367965662831415763e+01
1.368715857928964574e+01
1.369466053026513208e+01
1.370216248124062020e+01
1.370966443221610831e+01
1.371716638319159642e+01
1.372466833416708454e+01
1.373217028514257088e+01
1.373967223611805899e+01
1.374717418709354710e+01
1.375467613806903522e+01
1.376217808904452333e+01
1.376968004002000967e+01
1.377718199099549778e+01
1.378468394197098590e+01
1.379218589294647401e+01
1.379968784392196213e+01
1.380718979489744846e+01
1.381469174587293658e+01
1.382219369684842469e+01
1.382969564782391281e+01
1.383719759879940092e+01
1.384469954977488726e+01
1.385220150075037537e+01
1.385970345172586349e+01
1.386720540270135160e+01
1.387470735367683794e+01
1.388220930465232605e+01
1.388971125562781417e+01
1.389721320660330228e+01
1.390471515757879040e+01
1.391221710855427673e+01
1.391971905952976485e+01
1.392722101050525296e+01
1.393472296148074108e+01
1.394222491245622919e+01
1.394972686343171553e+01
1.395722881440720364e+01
1.396473076538269176e+01
1.397223271635817987e+01
1.397973466733366799e+01
1.398723661830915432e+01
1.399473856928464244e+01
1.400224052026013055e+01
1.400974247123561867e+01
1.401724442221110678e+01
1.402474637318659312e+01
1.403224832416208123e+01
1.403975027513756935e+01
1.404725222611305746e+01
1.405475417708854380e+01
1.406225612806403191e+01
1.406975807903952003e+01
1.407726003001500814e+01
1.408476198099049626e+01
1.409226393196598259e+01
1.409976588294147071e+01
1.410726783391695882e+01
1.411476978489244694e+01
1.412227173586793505e+01
1.412977368684342139e+01
1.413727563781890950e+01
1.414477758879439762e+01
1.415227953976988573e+01
1.415978149074537384e+01
1.416728344172086018e+01
1.417478539269634830e+01
1.418228734367183641e+01
1.418978929464732452e+01
1.419729124562281264e+01
1.420479319659829898e+01
1.421229514757378709e+01
1.421979709854927520e+01
1.422729904952476332e+01
1.423480100050024966e+01
1.424230295147573777e+01
1.424980490245122589e+01
1.425730685342671400e+01
1.426480880440220211e+01
1.427231075537768845e+01
1.427981270635317657e+01
1.428731465732866468e+01
1.429481660830415279e+01
1.430231855927964091e+01
1.430982051025512725e+01
1.431732246123061536e+01
1.432482441220610347e+01
1.433232636318159159e+01
1.433982831415707970e+01
1.434733026513256604e+01
1.435483221610805415e+01
1.436233416708354227e+01
1.436983611805903038e+01
1.437733806903451850e+01
1.438484002001000484e+01
1.439234197098549295e+01
1.439984392196098106e+01
1.440734587293646918e+01
1.441484782391195552e+01
1.442234977488744363e+01
1.442985172586293174e+01
1.443735367683841986e+01
1.444485562781390797e+01
1.445235757878939431e+01
1.445985952976488242e+01
1.446736148074037054e+01
1.447486343171585865e+01
1.448236538269134677e+01
1.448986733366683310e+01
1.449736928464232122e+01
1.450487123561780933e+01
1.451237318659329745e+01
1.451987513756878556e+01
1.452737708854427190e+01
1.453487903951976001e+01
1.454238099049524813e+01
1.454988294147073624e+01
1.455738489244622436e+01
1.456488684342171069e+01
1.457238879439719881e+01
1.457989074537268692e+01
1.458739269634817504e+01
1.459489464732366137e+01
1.460239659829914949e+01
1.460989854927463760e+01
1.461740050025012572e+01
1.462490245122561383e+01
1.463240440220110017e+01
1.463990635317658828e+01
1.464740830415207640e+01
1.465491025512756451e+01
1.466241220610305263e+01
1.466991415707853896e+01
1.467741610805402708e+01
1.468491805902951519e+01
1.469242001000500331e+01
1.469992196098049142e+01
1.470742391195597776e+01
1.471492586293146587e+01
1.472242781390695399e+01
1.472992976488244210e+01
1.473743171585793021e+01
1.474493366683341655e+01
1.475243561780890467e+01
1.475993756878439278e+01
1.476743951975988089e+01
1.477494147073536723e+01
1.478244342171085535e+01
1.478994537268634346e+01
1.479744732366183158e+01
1.480494927463731969e+01
1.481245122561280603e+01
1.481995317658829414e+01
1.482745512756378226e+01
1.483495707853927037e+01
1.484245902951475848e+01
1.484996098049024482e+01
1.485746293146573294e+01
1.486496488244122105e+01
1.487246683341670916e+01
1.487996878439219728e+01
1.488747073536768362e+01
1.489497268634317173e+01
1.490247463731865984e+01
1.490997658829414796e+01
1.491747853926963607e+01
1.492498049024512241e+01
1.493248244122061053e+01
1.493998439219609864e+01
1.494748634317158675e+01
1.495498829414707309e+01
1.496249024512256121e+01
1.496999219609804932e+01
1.497749414707353743e+01
1.498499609804902555e+01
1.499249804902451189e+01
1.500000000000000000e+01
