3.599999999999999901e-03
4.374618473895582060e-02
8.389236947791164911e-02
1.240385542168674776e-01
1.641847389558232784e-01
2.043309236947790930e-01
2.444771084337349354e-01
2.846232931726907500e-01
3.247694779116465646e-01
3.649156626506023793e-01
4.050618473895581939e-01
4.452080321285140085e-01
4.853542168674698787e-01
5.255004016064257488e-01
5.656465863453815635e-01
6.057927710843373781e-01
6.459389558232931927e-01
6.860851405622490073e-01
7.262313253012048220e-01
7.663775100401606366e-01
8.065236947791164512e-01
8.466698795180722659e-01
8.868160642570280805e-01
9.269622489959838951e-01
9.671084337349398208e-01
1.007254618473895524e+00
1.047400803212851450e+00
1.087546987951807154e+00
1.127693172690763079e+00
1.167839357429718783e+00
1.207985542168674709e+00
1.248131726907630412e+00
1.288277911646586338e+00
1.328424096385542263e+00
1.368570281124497967e+00
1.408716465863453893e+00
1.448862650602409596e+00
1.489008835341365522e+00
1.529155020080321226e+00
1.569301204819277151e+00
1.609447389558232855e+00
1.649593574297188781e+00
1.689739759036144484e+00
1.729885943775100410e+00
1.770032128514056113e+00
1.810178313253012039e+00
1.850324497991967743e+00
1.890470682730923668e+00
1.930616867469879594e+00
1.970763052208835298e+00
2.010909236947791001e+00
2.051055421686747149e+00
2.091201606425702852e+00
2.131347791164658556e+00
2.171493975903614260e+00
2.211640160642570407e+00
2.251786345381526111e+00
2.291932530120481815e+00
2.332078714859437518e+00
2.372224899598393666e+00
2.412371084337349370e+00
2.452517269076305073e+00
2.492663453815260777e+00
2.532809638554216924e+00
2.572955823293172628e+00
2.613102008032128332e+00
2.653248192771084479e+00
2.693394377510040183e+00
2.733540562248995887e+00
2.773686746987951590e+00
2.813832931726907738e+00
2.853979116465863441e+00
2.894125301204819145e+00
2.934271485943774849e+00
2.974417670682730996e+00
3.014563855421686700e+00
3.054710040160642404e+00
3.094856224899598107e+00
3.135002409638554255e+00
3.175148594377509959e+00
3.215294779116465662e+00
3.255440963855421810e+00
3.295587148594377513e+00
3.335733333333333217e+00
3.375879518072288921e+00
3.416025702811245068e+00
3.456171887550200772e+00
3.496318072289156476e+00
3.536464257028112179e+00
3.576610441767068327e+00
3.616756626506024030e+00
3.656902811244979734e+00
3.697048995983935438e+00
3.737195180722891585e+00
3.777341365461847289e+00
3.817487550200802993e+00
3.857633734939759140e+00
3.897779919678714844e+00
3.937926104417670548e+00
3.978072289156626251e+00
4.018218473895581511e+00
4.058364658634537214e+00
4.098510843373493806e+00
4.138657028112449510e+00
4.178803212851405213e+00
4.218949397590360917e+00
4.259095582329316620e+00
4.299241767068272324e+00
4.339387951807228028e+00
4.379534136546183731e+00
4.419680321285140323e+00
4.459826506024096027e+00
4.499972690763051730e+00
4.540118875502007434e+00
4.580265060240963138e+00
4.620411244979918841e+00
4.660557429718874545e+00
4.700703614457831137e+00
4.740849799196786840e+00
4.780995983935742544e+00
4.821142168674698247e+00
4.861288353413653951e+00
4.901434538152609655e+00
4.941580722891565358e+00
4.981726907630521062e+00
5.021873092369477654e+00
5.062019277108433357e+00
5.102165461847389061e+00
5.142311646586344764e+00
5.182457831325300468e+00
5.222604016064256172e+00
5.262750200803211875e+00
5.302896385542168467e+00
5.343042570281124171e+00
5.383188755020079874e+00
5.423334939759035578e+00
5.463481124497991281e+00
5.503627309236946985e+00
5.543773493975902689e+00
5.583919678714858392e+00
5.624065863453814984e+00
5.664212048192770688e+00
5.704358232931726391e+00
5.744504417670682095e+00
5.784650602409637798e+00
5.824796787148593502e+00
5.864942971887549206e+00
5.905089156626505797e+00
5.945235341365461501e+00
5.985381526104417205e+00
6.025527710843372908e+00
6.065673895582328612e+00
6.105820080321284316e+00
6.145966265060240019e+00
6.186112449799195723e+00
6.226258634538152315e+00
6.266404819277108018e+00
6.306551004016063722e+00
6.346697188755019425e+00
6.386843373493975129e+00
6.426989558232930833e+00
6.467135742971886536e+00
6.507281927710843128e+00
6.547428112449798832e+00
6.587574297188754535e+00
6.627720481927710239e+00
6.667866666666665942e+00
6.708012851405621646e+00
6.748159036144577350e+00
6.788305220883533053e+00
6.828451405622489645e+00
6.868597590361445349e+00
6.908743775100401052e+00
6.948889959839356756e+00
6.989036144578312459e+00
7.029182329317268163e+00
7.069328514056223867e+00
7.109474698795180458e+00
7.149620883534136162e+00
7.189767068273091866e+00
7.229913253012047569e+00
7.270059437751003273e+00
7.310205622489958976e+00
7.350351807228914680e+00
7.390497991967870384e+00
7.430644176706826975e+00
7.470790361445782679e+00
7.510936546184738383e+00
7.551082730923694086e+00
7.591228915662649790e+00
7.631375100401605494e+00
7.671521285140561197e+00
7.711667469879517789e+00
7.751813654618473493e+00
7.791959839357429196e+00
7.832106024096384900e+00
7.872252208835340603e+00
7.912398393574296307e+00
7.952544578313252011e+00
7.992690763052207714e+00
8.032836947791164306e+00
8.072983132530120898e+00
8.113129317269075713e+00
8.153275502008032305e+00
8.193421686746988897e+00
8.233567871485943712e+00
8.273714056224900304e+00
8.313860240963855119e+00
8.354006425702811711e+00
8.394152610441766527e+00
8.434298795180723118e+00
8.474444979919679710e+00
8.514591164658634526e+00
8.554737349397591117e+00
8.594883534136545933e+00
8.635029718875502525e+00
8.675175903614457340e+00
8.715322088353413932e+00
8.755468273092368747e+00
8.795614457831325339e+00
8.835760642570281931e+00
8.875906827309236746e+00
8.916053012048193338e+00
8.956199196787148153e+00
8.996345381526104745e+00
9.036491566265059561e+00
9.076637751004016152e+00
9.116783935742972744e+00
9.156930120481927560e+00
9.197076305220884151e+00
9.237222489959838967e+00
9.277368674698795559e+00
9.317514859437750374e+00
9.357661044176706966e+00
9.397807228915663558e+00
9.437953413654618373e+00
9.478099598393574965e+00
9.518245783132529780e+00
9.558391967871486372e+00
9.598538152610441188e+00
9.638684337349397779e+00
9.678830522088354371e+00
9.718976706827309187e+00
9.759122891566265778e+00
9.799269076305220594e+00
9.839415261044177186e+00
9.879561445783132001e+00
9.919707630522088593e+00
9.959853815261043408e+00
1.000000000000000000e+01
